QTD_PONTOS;50
QTD_VENDEDORES;8
625;851;0;459;525;940;905;324;668;881;676;710;703;569;278;422;564;446;338;297;619;184;536;782;441;346;576;229;257;286;164;695;476;467;517;360;793;619;763;550;509;852;126;519;612;388;457;708;755;475;759;307
483;415;459;0;92;511;460;171;395;470;303;253;353;229;421;247;667;474;202;566;287;492;208;512;77;604;476;527;412;380;396;366;229;27;295;669;343;169;307;488;362;434;431;313;539;619;595;255;422;255;453;693
529;335;525;92;0;498;434;261;318;472;337;213;264;288;512;227;758;458;221;655;340;531;274;431;166;622;431;560;502;471;480;412;311;109;244;693;268;96;269;574;320;432;512;393;623;710;687;185;462;338;367;732
111;64;940;511;498;0;90;616;727;83;280;293;618;383;787;724;873;955;709;932;351;1002;414;793;502;1114;904;1038;791;746;827;310;489;493;722;1180;366;422;244;645;803;93;873;495;649;943;861;369;281;503;717;1201
200;52;905;460;434;90;0;583;643;139;280;222;532;371;776;657;894;885;651;925;353;952;399;705;464;1055;826;986;778;734;804;332;477;445;647;1124;278;351;168;665;728;119;848;499;678;944;871;288;319;496;630;1153
444;582;324;171;261;616;583;0;529;557;355;402;510;250;251;318;517;499;224;394;305;412;217;651;124;556;552;456;240;211;230;386;174;166;399;607;511;339;452;372;443;528;270;245;433;450;435;422;447;185;600;601
823;213;668;395;318;727;643;529;0;729;642;446;116;605;765;248;1046;344;344;888;656;579;592;122;473;584;216;583;750;732;696;722;624;419;151;664;374;333;486;882;179;689;711;708;935;960;962;360;767;651;94;750
97;146;881;470;472;83;139;557;729;0;209;284;625;315;714;698;791;930;671;857;277;954;347;805;450;1074;892;992;719;674;761;229;419;449;707;1138;387;407;245;563;786;41;807;418;566;864;781;370;198;431;729;1151
192;332;676;303;337;280;280;355;642;209;0;237;559;107;507;548;617;776;501;653;73;762;140;741;261;893;768;803;511;467;552;84;210;277;580;951;386;312;242;390;655;187;599;219;409;666;591;324;125;224;669;955
378;185;710;253;213;293;222;402;446;284;237;0;345;265;630;435;813;663;433;780;286;739;277;528;278;835;612;770;626;587;632;321;351;244;429;906;150;129;56;596;510;243;672;407;628;817;766;92;348;377;453;940
722;155;703;353;264;618;532;510;116;625;559;345;0;537;757;287;1019;439;366;891;582;642;530;183;429;670;327;653;744;720;704;642;574;373;206;750;259;247;380;837;266;585;726;654;886;956;943;255;681;602;110;825
254;419;569;229;288;383;371;250;605;315;107;265;537;0;406;476;550;697;415;555;60;660;33;714;171;797;705;703;409;365;446;142;106;202;522;852;412;294;291;331;591;291;492;142;366;575;510;335;202;125;646;851
349;814;278;421;512;787;776;251;765;714;507;630;757;406;0;532;307;654;430;151;437;451;378;887;361;616;747;498;22;43;117;496;300;412;624;637;753;586;672;276;651;694;153;302;336;199;206;664;550;283;843;582
729;442;422;247;227;724;657;318;248;698;548;435;287;476;532;0;826;232;102;645;534;357;452;366;310;412;237;373;514;502;453;614;455;274;97;488;448;308;490;689;126;659;465;539;748;722;734;384;670;477;337;548
67;936;564;667;758;873;894;517;1046;791;617;813;1019;550;307;826;0;961;726;285;546;746;536;1168;593;910;1050;792;329;328;418;564;466;649;914;921;956;810;840;229;949;786;441;408;231;205;108;872;594;438;1115;846
941;536;446;474;458;955;885;499;344;930;776;663;439;697;654;232;961;0;284;729;756;293;670;418;527;245;156;276;633;636;549;838;660;500;248;324;656;535;717;864;174;891;540;740;927;817;859;604;895;678;433;423
658;515;338;202;221;709;651;224;344;671;501;433;366;415;430;102;726;284;0;545;475;311;388;464;244;405;329;339;412;400;353;557;377;225;196;473;479;316;489;596;224;634;367;458;657;620;633;402;616;396;430;511
351;965;297;566;655;932;925;394;888;857;653;780;891;555;151;645;285;729;545;0;581;480;527;1009;510;640;842;524;155;194;192;635;448;559;741;643;902;733;823;363;757;840;190;440;411;92;182;812;685;430;970;562
196;405;619;287;340;351;353;305;656;277;73;286;582;60;437;534;546;756;475;581;0;717;89;761;231;855;762;759;442;397;488;83;145;260;578;909;436;336;301;321;648;259;535;146;345;593;518;365;144;154;692;905
799;792;184;492;531;1002;952;412;579;954;762;739;642;660;451;357;746;293;311;480;717;0;628;680;504;165;441;48;428;449;334;798;584;509;438;197;789;626;795;710;404;920;305;645;774;572;639;713;859;591;674;201
277;443;536;208;274;414;399;217;592;347;140;277;530;33;378;452;536;670;388;527;89;628;0;704;144;765;684;670;380;336;414;172;79;181;503;820;421;292;308;323;569;322;460;132;362;551;491;340;233;102;637;818
902;120;782;512;431;793;705;651;122;805;741;528;183;714;887;366;1168;418;464;1009;761;680;704;0;590;663;267;678;871;854;817;823;740;535;269;742;428;429;560;1000;277;766;830;823;1052;1082;1084;437;864;767;76;838
420;460;441;77;166;502;464;124;473;450;261;278;429;171;361;310;593;527;244;510;231;504;144;590;0;631;544;543;354;319;354;313;152;57;367;691;392;226;327;410;430;418;394;237;462;556;524;303;372;178;530;701
964;780;346;604;622;1114;1055;556;584;1074;893;835;670;797;616;412;910;245;405;640;855;165;765;663;631;0;399;118;594;614;499;937;730;625;466;80;859;713;891;873;407;1038;470;797;937;732;803;794;998;740;675;185
958;381;576;476;431;904;826;552;216;892;768;612;327;705;747;237;1050;156;329;842;762;441;684;267;544;399;0;430;728;722;653;839;692;503;188;477;572;485;661;924;114;852;653;776;984;926;953;538;892;714;293;579
847;796;229;527;560;1038;986;456;583;992;803;770;653;703;498;373;792;276;339;524;759;48;670;678;543;118;430;0;476;498;381;841;629;545;447;151;813;655;826;758;405;958;352;691;822;616;685;740;903;636;677;175
371;811;257;412;502;791;778;240;750;719;511;626;744;409;22;514;329;633;412;155;442;428;380;871;354;594;728;476;0;45;95;504;303;404;607;616;747;578;670;295;633;698;133;311;356;212;227;657;559;288;828;562
350;771;286;380;471;746;734;211;732;674;467;587;720;365;43;502;328;636;400;194;397;449;336;854;319;614;722;498;45;0;123;459;258;370;593;641;710;544;629;263;623;654;167;266;326;239;233;621;514;243;807;593
466;811;164;396;480;827;804;230;696;761;552;632;704;446;117;453;418;549;353;192;488;334;414;817;354;499;653;381;95;123;0;558;343;395;549;521;739;566;680;386;565;736;48;371;448;273;313;650;616;335;780;471
119;374;695;366;412;310;332;386;722;229;84;321;642;142;496;614;564;838;557;635;83;798;172;823;313;937;839;841;504;459;558;0;219;340;653;992;468;394;322;336;725;222;606;195;346;637;552;408;61;223;752;986
281;522;476;229;311;489;477;174;624;419;210;351;574;106;300;455;466;660;377;448;145;584;79;740;152;730;692;629;303;258;343;219;0;205;519;780;491;347;385;264;578;396;391;85;312;472;415;406;280;28;678;768
456;416;467;27;109;493;445;166;419;449;277;244;373;202;412;274;649;500;225;559;260;509;181;535;57;625;503;545;404;370;395;340;205;0;322;689;345;174;297;466;389;413;432;289;516;609;580;255;396;232;474;709
772;355;517;295;244;722;647;399;151;707;580;429;206;522;624;97;914;248;196;741;578;438;503;269;367;466;188;447;607;593;549;653;519;322;0;545;409;300;480;765;80;666;562;604;822;816;825;361;705;543;242;619
985;857;360;669;693;1180;1124;607;664;1138;951;906;750;852;637;488;921;324;473;643;909;197;820;742;691;80;477;151;616;641;521;992;780;689;545;0;935;785;962;903;487;1102;486;842;967;734;814;868;1053;787;755;124
477;72;793;343;268;366;278;511;374;387;386;150;259;412;753;448;956;656;479;902;436;789;421;428;392;859;572;813;747;710;739;468;491;345;409;935;0;175;152;743;486;350;774;553;777;946;903;90;491;518;352;987
492;246;619;169;96;422;351;339;333;407;312;129;247;294;586;308;810;535;316;733;336;626;292;429;226;713;485;655;578;544;566;394;347;174;300;785;175;0;183;611;381;367;600;422;653;782;748;89;436;376;357;827
342;142;763;307;269;244;168;452;486;245;242;56;380;291;672;490;840;717;489;823;301;795;308;560;327;891;661;826;670;629;680;322;385;297;480;962;152;183;0;619;560;205;721;433;646;856;799;126;340;410;485;996
94;709;550;488;574;645;665;372;882;563;390;596;837;331;276;689;229;864;596;363;321;710;323;1000;410;873;924;758;295;263;386;336;264;466;765;903;743;611;619;0;815;558;428;191;64;332;228;663;368;236;940;856
844;391;509;362;320;803;728;443;179;786;655;510;266;591;651;126;949;174;224;757;648;404;569;277;430;407;114;405;633;623;565;725;578;389;80;487;486;381;560;815;0;746;571;663;874;837;856;442;779;601;273;571
137;153;852;434;432;93;119;528;689;41;187;243;585;291;694;659;786;891;634;840;259;920;322;766;418;1038;852;958;698;654;736;222;396;413;666;1102;350;367;205;558;746;0;782;403;565;851;771;330;202;411;690;1118
499;846;126;431;512;873;848;270;711;807;599;672;726;492;153;465;441;540;367;190;535;305;460;830;394;470;653;352;133;167;48;606;391;432;562;486;774;600;721;428;571;782;0;419;489;278;334;686;664;383;797;429
201;551;519;313;393;495;499;245;708;418;219;407;654;142;302;539;408;740;458;440;146;645;132;823;237;797;776;691;311;266;371;195;85;289;604;842;553;422;433;191;663;403;419;0;232;447;373;472;248;62;760;820
30;708;612;539;623;649;678;433;935;566;409;628;886;366;336;748;231;927;657;411;345;774;362;1052;462;937;984;822;356;326;448;346;312;516;822;967;777;653;646;64;874;565;489;232;0;370;259;700;368;285;990;918
264;994;388;619;710;943;944;450;960;864;666;817;956;575;199;722;205;817;620;92;593;572;551;1082;556;732;926;616;212;239;273;637;472;609;816;734;946;782;856;332;837;851;278;447;370;0;115;857;681;450;1040;650
174;923;457;595;687;861;871;435;962;781;591;766;943;510;206;734;108;859;633;182;518;639;491;1084;524;803;953;685;227;233;313;552;415;580;825;814;903;748;799;228;856;771;334;373;259;115;0;816;591;389;1035;740
467;161;708;255;185;369;288;422;360;370;324;92;255;335;664;384;872;604;402;812;365;713;340;437;303;794;538;740;657;621;650;408;406;255;361;868;90;89;126;663;442;330;686;472;700;857;816;0;439;434;361;913
67;342;755;422;462;281;319;447;767;198;125;348;681;202;550;670;594;895;616;685;144;859;233;864;372;998;892;903;559;514;616;61;280;396;705;1053;491;436;340;368;779;202;664;248;368;681;591;439;0;281;791;1047
263;544;475;255;338;503;496;185;651;431;224;377;602;125;283;477;438;678;396;430;154;591;102;767;178;740;714;636;288;243;335;223;28;232;543;787;518;376;410;236;601;411;383;62;285;450;389;434;281;0;705;771
826;119;759;453;367;717;630;600;94;729;669;453;110;646;843;337;1115;433;430;970;692;674;637;76;530;675;293;677;828;807;780;752;678;474;242;755;352;357;485;940;273;690;797;760;990;1040;1035;361;791;705;0;843
913;958;307;693;732;1201;1153;601;750;1151;955;940;825;851;582;548;846;423;511;562;905;201;818;838;701;185;579;175;562;593;471;986;768;709;619;124;987;827;996;856;571;1118;429;820;918;650;740;913;1047;771;843;0
