QTD_PONTOS;75
QTD_VENDEDORES;3
98;24;0;811;823;736;876;542;1026;589;864;944;809;386;587;345;799;833;372;809;204;645;136;99;302;347;599;481;506;560;893;788;445;658;1179;925;805;663;711;614;621;566;566;865;1049;305;515;554;188;1134;592;126;899;975;567;872;296;860;1051;966;941;958;956;970;751;709;845;953;885;926;1206;622;1016;695;971;1011;669
846;337;811;0;297;596;871;453;273;229;612;740;257;608;730;811;179;122;489;418;634;349;848;824;553;477;217;340;322;826;155;873;375;171;642;778;119;196;104;208;379;635;250;919;478;704;727;729;670;478;281;788;791;1061;621;116;567;953;733;921;486;683;657;385;481;917;282;147;939;217;565;196;268;191;1036;791;711
693;592;823;297;0;336;598;308;263;388;321;446;548;499;525;697;118;182;610;128;620;184;811;800;522;563;304;461;343;636;447;620;402;252;398;489;179;426;327;285;214;440;394;653;241;612;549;536;644;311;243;756;506;790;426;216;530;692;437;637;195;386;360;150;213;691;577;379;672;168;386;289;252;177;763;495;477
377;705;736;596;336;0;276;242;591;574;132;217;813;350;231;484;431;501;687;215;547;262;670;676;463;619;484;585;439;343;752;285;467;470;496;219;488;650;580;473;244;184;565;323;428;446;285;256;551;548;375;630;214;465;177;543;460;359;315;336;288;222;222;401;122;362;848;705;343;503;587;485;580;413;440;285;155
178;896;876;871;598;276;0;490;837;842;292;215;1088;517;289;552;702;772;920;470;721;536;775;794;659;848;755;839;698;337;1026;106;714;745;619;154;761;922;855;745;515;337;831;67;619;571;360;322;710;742;645;753;115;192;343;812;651;114;347;90;489;292;318;626;391;233;1124;975;78;760;754;757;827;689;165;239;220
412;466;542;453;308;242;490;0;557;359;347;455;622;191;282;391;338;399;446;268;340;128;510;504;245;378;280;350;209;373;599;457;227;291;637;460;376;446;401;275;95;188;346;519;513;304;274;277;355;609;178;458;452;662;175;446;247;542;533;564;399;445;435;443;213;475;660;589;541;454;674;288;546;265;643;523;286
956;587;1026;273;263;591;837;557;0;484;547;655;503;744;788;948;229;197;744;376;831;430;1037;1020;738;718;436;588;521;899;350;873;582;373;423;709;224;468;368;419;463;702;501;897;279;855;811;799;862;227;437;979;734;1027;688;167;749;939;600;861;360;582;552;220;470;951;515;232;914;104;309;414;11;332;998;688;738
659;205;589;229;388;574;842;359;484;0;638;764;273;455;635;644;297;292;262;467;427;317;641;613;362;249;93;112;158;710;308;816;184;137;783;786;268;93;125;109;331;544;24;876;621;531;610;624;466;657;199;581;787;1020;531;317;377;901;799;909;578;727;707;525;487;829;313;366;898;401;742;101;476;211;1000;826;645
457;810;864;612;321;132;292;347;547;638;0;129;851;479;353;615;435;502;786;195;671;323;801;806;584;721;545;668;523;460;766;344;561;517;374;167;496;703;619;531;317;316;634;355;334;577;413;381;678;458;441;760;188;480;309;538;582;399;188;318;199;98;92;334;151;449;883;700;370;475;483;540;537;449;452;188;266
392;921;944;740;446;217;215;455;655;764;129;0;979;559;386;662;561;627;900;321;761;448;867;877;679;833;672;790;643;477;892;300;677;645;404;62;622;831;747;658;439;379;759;283;414;645;456;418;761;535;566;832;101;385;377;661;676;329;138;210;296;79;108;437;277;423;1012;822;291;592;541;668;647;577;355;68;293
905;87;809;257;548;813;1088;622;503;273;851;979;0;728;902;913;430;379;440;660;678;552;884;852;626;466;342;349;430;982;162;1074;454;343;897;1011;372;180;233;348;574;809;293;1129;734;800;882;893;719;723;448;826;1019;1272;796;368;642;1157;985;1147;740;928;904;642;709;1096;40;284;1150;469;808;335;501;403;1250;1035;904
240;383;386;608;499;350;517;191;744;455;479;559;728;0;235;206;520;575;426;450;206;317;329;329;148;355;403;397;301;270;740;447;275;437;811;544;550;548;535;406;285;186;434;522;698;113;180;209;203;799;329;283;522;652;184;622;137;530;665;604;576;572;571;633;377;411;768;751;544;640;861;419;734;433;641;626;298
168;607;587;730;525;231;289;282;788;635;353;386;902;235;0;278;593;661;657;425;435;384;492;508;382;585;561;603;478;114;879;212;475;573;725;352;641;724;683;557;352;94;618;288;656;282;73;34;422;774;459;466;320;417;108;707;372;295;515;379;517;426;435;620;329;194;941;860;309;691;816;570;777;539;405;446;93
35;363;345;811;697;484;552;391;948;644;615;662;913;206;278;0;725;781;551;632;272;519;226;252;289;488;602;568;497;220;938;456;460;640;975;629;756;736;735;607;486;300;621;531;879;113;207;245;237;987;534;219;598;632;308;828;273;521;788;642;748;697;702;823;547;365;953;956;550;844;1043;620;937;639;630;724;370
749;488;799;179;118;431;702;338;229;297;435;561;430;520;593;725;0;71;541;240;602;213;807;791;509;505;226;386;296;698;331;714;358;165;491;601;61;319;216;207;247;501;308;754;327;628;604;598;633;362;208;749;616;893;487;115;520;790;555;746;310;503;478;230;311;771;459;275;773;127;446;206;219;105;867;612;559
811;454;833;122;182;501;772;399;197;292;502;627;379;575;661;781;71;0;549;308;641;278;850;832;551;521;239;393;327;765;266;784;388;177;523;669;28;293;187;222;312;569;307;824;359;681;669;665;674;371;252;791;685;963;554;47;563;861;614;816;365;567;540;264;381;841;404;204;843;110;457;217;188;144;937;676;629
470;24;372;489;610;687;920;446;744;262;786;900;440;426;657;551;541;549;0;654;282;478;462;426;281;72;315;156;274;694;539;865;226;378;1006;906;523;311;385;334;473;585;243;937;851;446;606;634;321;903;372;409;896;1073;577;578;295;950;967;1000;781;883;869;757;639;838;474;619;959;656;986;336;736;441;1059;968;702
589;667;809;418;128;215;470;268;376;467;195;321;660;450;425;632;240;308;654;0;606;178;776;772;509;597;376;518;380;539;571;498;431;337;371;361;301;522;431;359;192;349;467;527;249;562;461;442;623;356;285;726;378;662;337;344;513;567;332;509;133;268;244;195;97;576;692;507;545;291;412;366;365;264;635;374;365
233;177;204;634;620;547;721;340;831;427;671;761;678;206;435;272;602;641;282;606;0;441;215;191;98;224;417;330;316;442;734;646;259;471;976;748;613;512;540;429;417;392;403;722;845;175;370;405;41;930;394;155;727;847;390;683;93;726;860;809;738;768;763;767;551;592;717;779;744;729;1002;438;821;500;838;829;504
536;497;645;349;184;262;536;128;430;317;323;448;552;317;384;519;213;278;478;178;441;0;628;618;343;419;225;348;205;486;502;527;253;209;544;470;257;389;320;212;34;291;311;578;405;430;391;387;463;492;119;573;472;721;276;325;349;609;494;597;309;415;398;326;172;569;588;476;599;326;561;223;419;158;699;511;362
22;137;136;848;811;670;775;510;1037;641;801;867;884;329;492;226;807;850;462;776;215;628;0;40;299;420;631;540;528;446;948;681;473;684;1140;840;823;724;754;642;599;489;616;757;1023;224;419;458;178;1118;600;60;812;858;494;893;288;747;984;865;904;891;892;952;705;591;922;994;776;933;1184;652;1026;707;856;931;580
53;112;99;824;800;676;794;504;1020;613;806;877;852;329;508;252;791;832;426;772;191;618;40;0;282;387;608;510;507;470;921;703;450;663;1138;853;804;694;729;620;591;498;589;779;1017;232;435;475;158;1109;583;46;826;884;501;874;272;771;991;884;901;898;898;944;705;617;890;970;798;917;1177;630;1010;690;881;942;594
300;248;302;553;522;463;659;245;738;362;584;679;626;148;382;289;509;551;281;509;98;343;299;282;0;211;336;280;231;413;665;594;181;386;879;672;523;452;465;346;320;323;338;668;748;176;327;357;124;833;301;240;654;800;319;594;16;677;772;745;642;681;674;669;457;558;666;700;690;636;904;357;728;408;788;747;440
439;89;347;477;563;619;848;378;718;249;721;833;466;355;585;488;505;521;72;597;224;419;420;387;211;0;282;137;221;624;546;793;166;345;956;837;494;316;373;300;412;513;226;865;804;380;535;562;264;864;321;363;826;1001;506;554;226;878;904;929;727;819;806;713;576;766;503;614;887;625;945;304;709;402;987;901;630
633;294;599;217;304;484;755;280;436;93;545;672;342;403;561;602;226;239;315;376;417;225;631;608;336;282;0;161;106;644;337;734;158;63;701;695;212;168;133;19;241;468;92;792;542;492;543;553;453;588;110;571;697;935;455;275;350;818;706;820;489;634;614;446;395;754;380;364;813;343;671;22;427;128;914;734;563
562;150;481;340;461;585;839;350;588;112;668;790;349;397;603;568;386;393;156;518;330;348;540;510;280;137;161;0;146;665;412;800;129;222;858;803;367;184;237;180;351;519;90;866;700;455;567;587;371;748;233;481;799;1007;509;423;296;886;841;913;640;763;746;606;518;795;388;477;888;500;832;180;580;288;989;855;629
527;292;506;322;343;439;698;209;521;158;523;643;430;301;478;497;296;327;274;380;316;205;528;507;231;221;106;146;0;552;441;665;62;156;734;657;299;250;238;115;206;388;141;728;583;386;452;466;350;647;100;468;653;870;376;368;245;750;698;770;507;618;602;493;373;672;470;469;750;421;726;126;511;191;851;709;493
57;582;560;826;636;343;337;373;899;710;460;477;982;270;114;220;698;765;694;539;442;486;446;470;413;624;644;665;552;0;971;237;539;663;834;434;744;802;772;642;453;197;692;312;769;270;101;100;419;888;549;434;398;415;212;811;399;301;611;425;630;526;538;733;442;152;1021;960;330;800;929;656;888;637;411;531;194
965;237;893;155;447;752;1026;599;350;308;766;892;162;740;879;938;331;266;539;571;734;502;948;921;665;546;337;412;441;971;0;1028;484;308;760;932;270;230;204;334;531;784;332;1074;601;828;871;876;774;575;422;888;945;1216;770;240;680;1108;879;1076;628;833;806;514;637;1068;167;124;1095;335;659;321;350;343;1192;942;864
113;812;788;873;620;285;106;457;873;816;344;300;1074;447;212;456;714;784;865;498;646;527;681;703;594;793;734;800;665;237;1028;0;672;733;699;242;770;902;845;726;501;282;803;77;678;487;277;241;631;802;626;664;201;208;292;827;584;86;437;190;542;369;391;672;407;128;1111;988;98;787;823;739;862;685;194;335;172
481;250;445;375;402;467;714;227;582;184;561;677;454;275;475;460;358;388;226;431;259;253;473;450;181;166;158;129;62;539;484;672;0;214;791;686;360;276;284;171;247;391;161;738;642;347;440;459;295;708;159;413;679;879;380;428;196;757;741;790;560;657;643;553;413;667;494;521;761;484;787;180;573;253;862;744;502
675;341;658;171;252;470;745;291;373;137;517;645;343;437;573;640;165;177;378;337;471;209;684;663;386;345;63;222;156;663;308;733;214;0;647;673;149;186;112;45;232;478;145;786;485;533;563;568;506;527;114;624;679;930;465;214;400;816;669;805;442;602;580;389;370;764;379;316;808;280;611;42;365;75;907;705;565
792;977;1179;642;398;496;619;637;423;783;374;404;897;811;725;975;491;523;1006;371;976;544;1140;1138;879;956;701;858;734;834;760;699;791;647;0;466;537;809;705;682;562;676;791;687;165;920;781;752;992;207;634;1091;505;778;667;529;883;733;280;600;238;330;308;261;434;815;917;650;694;428;162;685;420;574;748;394;640
330;919;925;778;489;219;154;460;709;786;167;62;1011;544;352;629;601;669;906;361;748;470;840;853;672;837;695;803;657;434;932;242;686;673;466;0;662;857;778;682;457;359;779;221;473;622;424;385;746;595;587;809;41;325;359;705;667;267;195;153;351;141;168;492;303;368;1045;867;229;641;602;692;699;608;295;98;261
787;440;805;119;179;488;761;376;224;268;496;622;372;550;641;756;61;28;523;301;613;257;823;804;523;494;212;367;299;744;270;770;360;149;537;662;0;274;169;195;290;548;282;812;372;655;647;644;646;392;225;764;676;952;534;72;535;847;615;807;368;564;538;276;370;823;399;220;831;134;478;190;215;117;926;673;612
745;169;663;196;426;650;922;446;468;93;703;831;180;548;724;736;319;293;311;522;512;389;724;694;452;316;168;184;250;802;230;902;276;186;809;857;274;0;106;177;407;633;115;959;645;623;702;715;552;663;277;664;861;1103;620;305;468;986;853;986;621;788;766;548;555;919;220;310;981;401;750;166;462;258;1082;890;730
764;273;711;104;327;580;855;401;368;125;619;747;233;535;683;735;216;187;385;431;540;320;754;729;465;373;133;237;238;772;204;845;284;112;705;778;169;106;0;130;344;589;147;898;540;624;671;678;578;558;224;694;786;1041;576;202;479;928;760;913;522;699;675;443;475;876;268;242;919;296;644;117;362;170;1018;804;677
640;312;614;208;285;473;745;275;419;109;531;658;348;406;557;607;207;222;334;359;429;212;642;620;346;300;19;180;115;642;334;726;171;45;682;682;195;177;130;0;230;463;110;783;522;498;542;550;464;569;100;582;684;926;450;259;360;810;690;808;471;619;599;427;381;750;386;354;804;325;652;13;410;109;905;719;556
502;496;621;379;214;244;515;95;463;331;317;439;574;285;352;486;247;312;473;192;417;34;599;591;320;412;241;351;206;453;531;501;247;232;562;457;290;407;344;230;0;258;323;554;428;398;357;354;438;519;131;546;457;698;244;359;325;584;494;579;325;412;397;353;167;539;611;508;576;360;587;242;452;188;676;504;334
254;568;566;635;440;184;337;188;702;544;316;379;809;186;94;300;501;569;585;349;392;291;489;498;323;513;468;519;388;197;784;282;391;478;676;359;548;633;589;463;258;0;528;351;590;267;111;97;387;704;365;453;336;490;14;615;316;367;495;422;454;402;405;544;256;287;848;766;374;603;753;476;691;445;474;445;117
635;202;566;250;394;565;831;346;501;24;634;759;293;434;618;621;308;307;243;467;403;311;616;589;338;226;92;90;141;692;332;803;161;145;791;779;282;115;147;110;323;528;0;864;630;508;592;606;442;669;193;557;779;1007;516;335;354;888;798;900;581;724;705;534;483;812;333;389;886;416;754;105;494;217;987;822;631
111;889;865;919;653;323;67;519;897;876;355;283;1129;522;288;531;754;824;937;527;722;578;757;779;668;865;792;866;728;312;1074;77;738;786;687;221;812;959;898;783;554;351;864;0;684;564;354;317;708;808;682;741;182;144;360;865;658;46;414;126;553;359;385;689;443;187;1165;1028;22;818;821;795;887;734;124;304;237
791;812;1049;478;241;428;619;513;279;621;334;414;734;698;656;879;327;359;851;249;845;405;1023;1017;748;804;542;700;583;769;601;678;642;485;165;473;372;645;540;522;428;590;630;684;0;811;700;677;866;124;483;971;506;798;578;366;753;729;331;623;140;335;306;97;334;780;755;496;697;266;164;525;273;413;769;431;582
142;326;305;704;612;446;571;304;855;531;577;645;800;113;282;113;628;681;446;562;175;430;224;232;176;380;492;455;386;270;828;487;347;533;920;622;655;623;624;498;398;267;508;564;811;0;211;249;149;912;431;187;595;681;270;727;160;562;760;661;686;667;668;746;486;421;839;850;584;750;974;510;844;538;674;711;364
147;537;515;727;549;285;360;274;811;610;413;456;882;180;73;207;604;669;606;461;370;391;419;435;327;535;543;567;452;101;871;277;440;563;781;424;647;702;671;542;357;111;592;354;700;211;0;39;354;815;449;394;393;477;124;716;315;356;582;450;564;491;499;656;367;232;921;863;375;710;863;555;800;539;467;517;163
157;575;554;729;536;256;322;277;799;624;381;418;893;209;34;245;598;665;634;442;405;387;458;475;357;562;553;587;466;100;876;241;459;568;752;385;644;715;678;550;354;97;606;317;677;249;39;0;391;794;455;433;354;444;111;712;346;321;546;411;539;456;465;637;346;208;932;862;339;700;838;563;788;539;433;479;125
193;186;188;670;644;551;710;355;862;466;678;761;719;203;422;237;633;674;321;623;41;463;178;158;124;264;453;371;350;419;774;631;295;506;992;746;646;552;578;464;438;387;442;708;866;149;354;391;0;954;424;118;723;829;386;716;114;709;865;799;754;772;769;789;563;570;758;816;729;759;1024;474;852;531;821;829;496
915;810;1134;478;311;548;742;609;227;657;458;535;723;799;774;987;362;371;903;356;930;492;1118;1109;833;864;588;748;647;888;575;802;708;527;207;595;392;663;558;569;519;704;669;808;124;912;815;794;954;0;550;1064;629;920;692;363;840;853;441;744;262;455;427;166;448;903;738;458;820;262;87;568;226;463;890;547;703
569;383;592;281;243;375;645;178;437;199;441;566;448;329;459;534;208;252;372;285;394;119;600;583;301;321;110;233;100;549;422;626;159;114;634;587;225;277;224;100;131;365;193;682;483;431;449;455;424;550;0;541;588;826;352;297;312;710;610;710;409;533;515;393;290;652;486;423;704;335;628;113;427;108;805;630;456
81;149;126;788;756;630;753;458;979;581;760;832;826;283;466;219;749;791;409;726;155;573;60;46;240;363;571;481;468;434;888;664;413;624;1091;809;764;664;694;582;546;453;557;741;971;187;394;433;118;1064;541;0;782;849;456;834;229;734;945;843;855;852;852;898;658;583;864;934;760;875;1132;592;968;649;845;898;551
293;902;899;791;506;214;115;452;734;787;188;101;1019;522;320;598;616;685;896;378;727;472;812;826;654;826;697;799;653;398;945;201;679;679;505;41;676;861;786;684;457;336;779;182;506;595;393;354;723;629;588;782;0;294;338;722;648;229;236;131;380;177;203;519;311;327;1054;885;192;663;639;696;725;616;265;136;232
14;995;975;1061;790;465;192;662;1027;1020;480;385;1272;652;417;632;893;963;1073;662;847;721;858;884;800;1001;935;1007;870;415;1216;208;879;930;778;325;952;1103;1041;926;698;490;1007;144;798;681;477;444;829;920;826;849;294;0;499;1004;789;123;498;178;674;464;493;813;582;267;1309;1166;122;951;923;939;1017;876;30;384;378
268;565;567;621;426;177;343;175;688;531;309;377;796;184;108;308;487;554;577;337;390;276;494;501;319;506;455;509;376;212;770;292;380;465;667;359;534;620;576;450;244;14;516;360;578;270;124;111;386;692;352;456;338;499;0;601;311;377;490;427;443;397;399;532;244;300;835;752;382;589;741;463;677;431;483;443;124
858;452;872;116;216;543;812;446;167;317;538;661;368;622;707;828;115;47;578;344;683;325;893;874;594;554;275;423;368;811;240;827;428;214;529;705;72;305;202;259;359;615;335;865;366;727;716;712;716;363;297;834;722;1004;601;0;606;903;640;853;389;598;571;276;422;886;389;163;884;102;449;252;160;189;977;707;674
285;254;296;567;530;460;651;247;749;377;582;676;642;137;372;273;520;563;295;513;93;349;288;272;16;226;350;296;245;399;680;584;196;400;883;667;535;468;479;360;325;316;354;658;753;160;315;346;114;840;312;229;648;789;311;606;0;666;770;737;645;679;673;676;458;545;682;714;680;646;911;371;739;420;777;744;431
65;883;860;953;692;359;114;542;939;901;399;329;1157;530;295;521;790;861;950;567;726;609;747;771;677;878;818;886;750;301;1108;86;757;816;733;267;847;986;928;810;584;367;888;46;729;562;356;321;709;853;710;734;229;123;377;903;666;0;460;163;597;406;431;732;480;163;1195;1064;44;858;867;823;929;766;112;349;257
512;990;1051;733;437;315;347;533;600;799;188;138;985;665;515;788;555;614;967;332;860;494;984;991;772;904;706;841;698;611;879;437;741;669;280;195;615;853;760;690;494;495;798;414;331;760;582;546;865;441;610;945;236;498;490;640;770;460;0;320;251;93;98;382;328;561;1014;793;419;556;431;698;592;596;468;114;422
192;985;966;921;637;336;90;564;861;909;318;210;1147;604;379;642;746;816;1000;509;809;597;865;884;745;929;820;913;770;425;1076;190;790;805;600;153;807;986;913;808;579;422;900;126;623;661;450;411;799;744;710;843;131;178;427;853;737;163;320;0;504;289;318;645;440;311;1182;1016;119;792;745;820;852;744;148;206;306
654;783;941;486;195;288;489;399;360;578;199;296;740;576;517;748;310;365;781;133;738;309;904;901;642;727;489;640;507;630;628;542;560;442;238;351;368;621;522;471;325;454;581;553;140;686;564;539;754;262;409;855;380;674;443;389;645;597;251;504;0;222;193;141;202;640;767;542;567;306;300;477;351;367;645;329;442
470;907;958;683;386;222;292;445;582;727;98;79;928;572;426;697;503;567;883;268;768;415;891;898;681;819;634;763;618;526;833;369;657;602;330;141;564;788;699;619;412;402;724;359;335;667;491;456;772;455;533;852;177;464;397;598;679;406;93;289;222;0;30;362;245;488;959;757;369;524;462;628;573;531;435;109;334
496;893;956;657;360;222;318;435;552;707;92;108;904;571;435;702;478;540;869;244;763;398;892;898;674;806;614;746;602;538;806;391;643;580;308;168;538;766;675;599;397;405;705;385;306;668;499;465;769;427;515;852;203;493;399;571;673;431;98;318;193;30;0;333;230;508;934;729;395;495;436;607;544;508;463;137;345
778;716;970;385;150;401;626;443;220;525;334;437;642;633;620;823;230;264;757;195;767;326;952;944;669;713;446;606;493;733;514;672;553;389;261;492;276;548;443;427;353;544;534;689;97;746;656;637;789;166;393;898;519;813;532;276;676;732;382;645;141;362;333;0;291;762;665;417;704;180;236;429;212;318;785;468;555
492;663;751;481;213;122;391;213;470;487;151;277;709;377;329;547;311;381;639;97;551;172;705;705;457;576;395;518;373;442;637;407;413;370;434;303;370;555;475;381;167;256;483;443;334;486;367;346;563;448;290;658;311;582;244;422;458;480;328;440;202;245;230;291;0;480;743;585;462;381;497;391;459;306;556;339;269
16;728;709;917;691;362;233;475;951;829;449;423;1096;411;194;365;771;841;838;576;592;569;591;617;558;766;754;795;672;152;1068;128;667;764;815;368;823;919;876;750;539;287;812;187;780;421;232;208;570;903;652;583;327;267;300;886;545;163;561;311;640;488;508;762;480;0;1135;1043;200;859;931;763;940;726;266;463;213
942;72;845;282;577;848;1124;660;515;313;883;1012;40;768;941;953;459;404;474;692;717;588;922;890;666;503;380;388;470;1021;167;1111;494;379;917;1045;399;220;268;386;611;848;333;1165;755;839;921;932;758;738;486;864;1054;1309;835;389;682;1195;1014;1182;767;959;934;665;743;1135;0;290;1187;489;823;373;514;437;1286;1066;941
991;358;953;147;379;705;975;589;232;366;700;822;284;751;860;956;275;204;619;507;779;476;994;970;700;614;364;477;469;960;124;988;521;316;650;867;220;310;242;354;508;766;389;1028;496;850;863;862;816;458;423;934;885;1166;752;163;714;1064;793;1016;542;757;729;417;585;1043;290;0;1047;237;540;343;233;324;1140;866;832
101;909;885;939;672;343;78;541;914;898;370;291;1150;544;309;550;773;843;959;545;744;599;776;798;690;887;813;888;750;330;1095;98;761;808;694;229;831;981;919;804;576;374;886;22;697;584;375;339;729;820;704;760;192;122;382;884;680;44;419;119;567;369;395;704;462;200;1187;1047;0;835;831;817;904;754;102;308;259
857;554;926;217;168;503;760;454;104;401;475;592;469;640;691;844;127;110;656;291;729;326;933;917;636;625;343;500;421;800;335;787;484;280;428;641;134;401;296;325;360;603;416;818;266;750;710;700;759;262;335;875;663;951;589;102;646;858;556;792;306;524;495;180;381;859;489;237;835;0;349;322;94;231;924;632;646
932;895;1206;565;386;587;754;674;309;742;483;541;808;861;816;1043;446;457;986;412;1002;561;1184;1177;904;945;671;832;726;929;659;823;787;611;162;602;478;750;644;652;587;753;754;821;164;974;863;838;1024;87;628;1132;639;923;741;449;911;867;431;745;300;462;436;236;497;931;823;540;831;349;0;652;309;545;893;542;740
652;306;622;196;289;485;757;288;414;101;540;668;335;419;570;620;206;217;336;366;438;223;652;630;357;304;22;180;126;656;321;739;180;42;685;692;190;166;117;13;242;476;105;795;525;510;555;563;474;568;113;592;696;939;463;252;371;823;698;820;477;628;607;429;391;763;373;343;817;322;652;0;405;112;917;729;569
945;586;1016;268;252;580;827;546;11;476;537;647;501;734;777;937;219;188;736;365;821;419;1026;1010;728;709;427;580;511;888;350;862;573;365;420;699;215;462;362;410;452;691;494;887;273;844;800;788;852;226;427;968;725;1017;677;160;739;929;592;852;351;573;544;212;459;940;514;233;904;94;309;405;0;322;989;679;727
672;416;695;191;177;413;689;265;332;211;449;577;403;433;539;639;105;144;441;264;500;158;707;690;408;402;128;288;191;637;343;685;253;75;574;608;117;258;170;109;188;445;217;734;413;538;539;539;531;463;108;649;616;876;431;189;420;766;596;744;367;531;508;318;306;726;437;324;754;231;545;112;322;0;853;635;521
44;993;971;1036;763;440;165;643;998;1000;452;355;1250;641;405;630;867;937;1059;635;838;699;856;881;788;987;914;989;851;411;1192;194;862;907;748;295;926;1082;1018;905;676;474;987;124;769;674;467;433;821;890;805;845;265;30;483;977;777;112;468;148;645;435;463;785;556;266;1286;1140;102;924;893;917;989;853;0;354;360
398;989;1011;791;495;285;239;523;688;826;188;68;1035;626;446;724;612;676;968;374;829;511;931;942;747;901;734;855;709;531;942;335;744;705;394;98;673;890;804;719;504;445;822;304;431;711;517;479;829;547;630;898;136;384;443;707;744;349;114;206;329;109;137;468;339;463;1066;866;308;632;542;729;679;635;354;0;354
224;681;669;711;477;155;220;286;738;645;266;293;904;298;93;370;559;629;702;365;504;362;580;594;440;630;563;629;493;194;864;172;502;565;640;261;612;730;677;556;334;117;631;237;582;364;163;125;496;703;456;551;232;378;124;674;431;257;422;306;442;334;345;555;269;213;941;832;259;646;740;569;727;521;360;354;0
