QTD_PONTOS;100
QTD_VENDEDORES;2
732;656;0;523;605;562;679;720;479;462;415;378;395;153;611;37;391;330;492;516;289;555;177;543;822;417;276;352;393;532;744;779;320;211;124;593;370;576;358;330;220;303;659;229;443;338;135;350;252;389;507;461;469;123;499;436;564;548;312;184;670;493;584;777;632;896;606;722;444;807;367;734;299;490;125;619;415;577;293;538;404;732;648;568;332;471;488;726;166;61;453;652;140;759;649;198;115;513;372;302;733;42
478;199;523;0;309;270;690;570;458;89;442;807;366;629;649;544;162;668;245;744;605;183;440;796;387;118;528;506;474;473;308;269;217;734;410;157;787;444;783;660;403;514;307;338;577;216;607;610;645;551;26;695;77;423;417;497;758;196;725;675;814;143;214;513;325;471;201;200;521;382;276;214;366;415;537;704;776;551;414;466;925;210;619;615;515;448;287;233;427;573;434;408;659;299;691;495;604;226;199;446;210;565
749;51;605;309;0;48;980;877;253;255;283;965;632;643;931;608;413;860;117;982;530;491;446;1029;657;283;733;742;328;234;588;480;422;801;483;170;951;744;942;854;595;424;612;377;830;442;625;825;811;409;288;928;365;559;706;761;1008;505;887;690;1080;446;98;821;633;739;506;350;343;660;533;408;595;701;552;980;966;841;639;758;960;366;913;894;743;248;119;483;448;632;710;100;740;566;976;472;715;530;449;366;374;644
727;94;562;270;48;0;934;835;244;211;264;918;584;606;885;567;366;812;70;934;503;452;407;981;631;236;685;694;308;236;560;462;374;760;439;145;904;700;896;806;547;397;576;333;782;395;588;777;764;391;248;879;322;512;660;713;960;465;841;654;1033;404;75;783;595;715;470;336;331;632;486;390;547;656;514;933;919;795;590;712;924;352;868;847;695;238;83;459;408;591;663;140;698;540;929;437;671;487;402;336;359;601
59;747;679;690;980;934;0;210;1021;725;972;576;358;827;69;715;568;436;881;286;957;528;787;322;614;699;406;327;975;1061;592;747;577;766;690;846;551;253;561;428;483;932;475;741;240;549;812;362;508;1012;703;298;620;586;275;252;242;510;533;844;193;547;896;361;427;628;546;809;1035;591;454;766;430;279;797;99;467;139;406;224;935;805;74;111;347;1011;911;683;766;731;276;1073;710;633;44;839;633;468;535;894;798;691
21;540;720;570;877;835;210;0;968;626;928;721;332;873;231;757;489;562;794;463;968;390;784;509;413;612;482;393;941;1000;403;567;522;855;694;724;695;152;702;552;502;921;300;715;347;491;855;476;616;993;589;455;513;607;224;301;431;375;662;901;403;431;784;150;259;419;392;649;999;391;402;598;428;233;822;295;622;171;427;182;1043;642;151;242;419;957;830;507;763;779;267;975;788;445;245;844;707;348;465;871;634;743
935;222;479;458;253;244;1021;968;0;372;64;857;665;461;962;467;480;790;223;950;306;620;302;989;843;367;690;728;98;53;765;693;449;638;381;380;849;819;837;787;562;210;753;292;825;479;448;781;723;165;431;894;478;486;762;776;988;628;790;503;1079;558;316;948;759;928;653;573;91;840;573;623;595;755;385;996;887;888;628;815;766;589;965;920;721;11;180;679;315;483;746;229;593;753;1006;296;594;633;503;180;595;509
563;226;462;89;255;211;725;626;372;0;353;774;380;555;677;480;161;647;169;745;519;252;360;794;475;46;510;504;385;391;396;353;187;673;343;145;756;490;750;640;377;426;383;259;585;200;534;598;613;461;63;692;114;375;450;511;765;263;693;603;831;196;175;585;395;560;281;267;433;470;283;293;357;446;462;728;755;586;404;502;860;279;658;641;508;362;208;322;350;508;456;350;601;388;721;413;553;279;198;358;281;504
912;282;415;442;283;264;972;928;64;353;0;793;617;399;911;403;443;728;225;891;253;594;238;929;828;341;631;673;45;117;749;691;406;575;319;386;785;778;773;726;506;152;727;235;770;436;386;722;659;127;416;834;452;425;717;724;930;600;726;442;1023;529;330;917;729;913;630;577;79;824;529;622;543;710;321;943;824;840;574;769;707;593;917;868;664;57;187;670;252;419;698;278;529;740;955;232;530;601;463;116;598;444
576;1000;378;807;965;918;576;721;857;774;793;0;509;443;515;392;647;165;848;299;631;758;555;287;990;729;295;361;769;909;927;1017;592;285;487;918;26;627;25;175;404;672;811;593;374;591;444;251;162;756;800;278;735;407;563;439;354;744;82;428;460;719;926;837;768;1044;806;1001;818;969;555;993;454;555;484;481;113;550;411;569;387;1007;589;488;338;849;852;954;543;382;506;1022;284;955;532;569;263;695;612;679;1005;350
353;543;395;366;632;584;358;332;665;380;617;509;0;547;302;432;220;347;528;381;636;258;454;434;483;349;215;156;624;703;418;520;219;557;362;515;484;182;485;338;176;593;305;392;212;193;528;270;361;669;372;335;289;277;108;132;392;242;431;579;451;238;555;382;264;542;302;531;684;463;99;508;97;99;491;348;447;223;112;156;754;533;301;263;174;654;555;454;432;456;82;720;483;448;347;512;405;191;183;548;529;423
883;680;153;629;643;606;827;873;461;555;399;443;547;0;758;116;517;446;541;641;189;688;202;661;957;514;421;501;364;513;877;894;447;181;223;669;444;729;430;448;373;254;800;297;588;470;22;484;361;328;609;590;586;271;652;587;692;684;399;48;802;623;645;927;777;1034;739;822;400;943;512;842;450;643;95;762;511;729;446;691;317;834;799;716;480;456;525;847;208;96;606;668;160;888;795;172;209;653;505;287;836;136
128;745;611;649;931;885;69;231;962;677;911;515;302;758;0;647;518;371;829;236;889;496;721;279;612;649;337;259;913;1003;581;729;521;698;624;804;490;228;500;362;417;867;460;678;171;495;743;294;441;948;660;239;576;519;232;187;200;478;469;775;185;507;850;376;410;635;520;780;972;589;400;741;368;234;729;68;409;103;341;186;869;778;81;43;278;951;857;663;700;662;222;1022;642;621;45;773;564;432;483;830;771;622
769;659;37;544;608;567;715;757;467;480;403;392;432;116;647;0;418;358;497;546;259;585;169;572;853;436;312;389;378;520;774;804;347;196;137;607;386;613;374;358;257;282;691;236;478;367;98;382;277;367;527;493;494;157;536;473;595;579;331;149;702;522;593;812;666;928;636;743;426;838;400;757;335;527;96;654;438;614;331;575;381;753;685;604;368;460;490;753;162;29;490;650;132;788;685;178;130;545;401;288;754;42
476;361;391;162;413;366;568;489;480;161;443;647;220;517;518;418;0;506;314;588;538;174;354;639;442;131;366;348;462;511;361;390;71;596;294;298;626;344;622;498;243;465;300;260;426;57;495;449;485;524;160;537;88;278;295;351;606;174;565;560;671;107;335;475;292;522;223;355;518;430;122;353;205;290;434;567;614;429;252;348;793;362;504;481;355;469;345;336;336;447;297;504;520;371;563;415;457;160;39;405;360;431
478;867;330;668;860;812;436;562;790;647;728;165;347;446;371;358;506;0;743;197;616;602;495;215;826;603;141;196;713;841;765;863;460;340;410;792;140;462;143;10;270;632;648;506;215;453;438;87;86;718;665;151;593;308;397;274;251;587;100;448;363;568;809;673;604;879;648;856;768;805;404;843;304;390;454;349;109;391;259;405;500;861;437;338;174;781;754;798;479;360;341;928;300;795;395;526;237;536;469;622;858;320
720;164;492;245;117;70;881;794;223;169;225;848;528;541;829;497;314;743;0;869;449;420;341;915;624;183;618;630;266;230;548;470;313;692;369;161;834;654;826;738;480;344;549;263;720;336;522;710;694;350;219;814;282;442;609;654;896;431;771;589;972;365;109;753;563;708;445;353;300;622;429;400;484;604;448;875;850;743;526;662;858;368;817;791;630;214;43;457;340;522;607;193;629;533;874;374;601;447;347;279;374;532
288;918;516;744;982;934;286;463;950;745;891;299;381;641;236;546;588;197;869;0;805;632;668;54;807;706;260;241;882;998;761;888;561;534;575;886;277;414;289;193;393;810;637;659;170;545;632;170;282;896;747;57;667;466;375;256;56;614;276;645;167;618;917;600;588;843;669;911;939;784;468;885;388;372;640;187;187;303;343;356;679;912;316;222;239;941;887;821;649;552;331;1061;497;797;242;706;432;563;549;791;907;511
989;523;289;605;530;503;957;968;306;519;253;631;636;189;889;259;538;616;449;805;0;711;187;831;973;488;562;631;210;354;892;873;476;368;274;600;630;817;616;617;476;105;837;279;726;505;187;639;534;149;581;751;585;371;744;707;853;712;581;219;959;642;558;996;825;1056;757;778;228;963;575;811;543;735;165;904;691;843;554;791;465;792;918;846;614;304;420;837;208;257;708;531;347;894;930;126;382;693;540;170;795;296
318;287;555;183;491;452;528;390;620;252;594;758;258;688;496;585;174;602;420;632;711;0;528;686;269;254;464;414;619;643;190;262;243;752;467;334;735;276;734;592;372;635;133;432;461;219;667;528;602;688;204;590;143;436;268;376;635;18;678;730;673;69;396;333;143;347;52;285;672;256;206;253;306;269;607;558;704;394;347;309;952;284;455;468;431;610;460;196;511;613;302;590;676;206;536;589;606;69;183;572;278;593
804;494;177;440;446;407;787;784;302;360;238;555;454;202;721;169;354;495;341;668;187;528;0;702;793;323;411;468;218;354;712;708;289;355;97;468;547;633;535;493;304;146;652;102;565;318;182;498;423;230;418;612;408;206;561;535;711;527;488;250;810;460;443;809;638;875;576;627;272;782;388;652;363;553;108;743;588;667;380;609;518;639;743;678;454;294;328;667;21;189;528;482;299;717;763;62;292;507;353;126;642;209
290;972;543;796;1029;981;322;509;989;794;929;287;434;661;279;572;639;215;915;54;831;686;702;0;860;755;301;291;918;1038;815;942;610;542;611;937;267;466;281;214;437;842;691;699;224;595;654;208;300;928;798;102;718;504;429;310;81;668;279;661;174;672;966;648;642;895;723;964;974;837;520;938;438;426;668;223;176;353;392;409;673;966;360;270;287;980;932;875;684;575;385;1106;511;851;279;737;453;617;600;827;961;535
97;134;822;387;657;631;614;413;843;475;828;990;483;957;612;853;442;826;624;807;973;269;793;860;0;493;698;630;859;854;82;201;511;1015;736;488;965;394;966;816;629;890;178;695;646;487;935;744;843;934;413;778;389;702;437;564;794;274;913;999;796;335;560;274;223;85;219;327;907;23;463;263;555;443;875;680;918;515;589;451;1216;313;543;601;652;833;667;175;777;881;490;754;939;91;640;854;867;312;452;825;304;859
571;271;417;118;283;236;699;612;367;46;341;729;349;514;649;436;131;603;183;706;488;254;323;755;493;0;468;465;368;392;413;386;146;629;299;189;711;471;705;596;333;399;386;221;549;161;493;557;568;441;95;653;111;329;426;478;729;261;648;562;798;190;211;582;392;578;289;308;420;487;250;330;318;421;422;697;712;560;364;478;816;320;634;611;469;357;217;349;311;464;427;373;556;409;693;377;508;269;166;332;321;459
465;727;276;528;733;685;406;482;690;510;631;295;215;421;337;312;366;141;618;260;562;464;411;301;698;468;0;89;622;738;633;724;323;373;316;656;271;358;271;132;138;556;520;398;167;315;407;93;146;641;525;204;453;207;286;181;300;450;216;438;399;428;677;572;478;756;511;716;680;678;263;703;164;277;398;343;248;320;118;306;562;720;384;296;64;680;633;660;392;325;229;807;310;661;374;455;230;400;329;533;717;285
382;696;352;506;742;694;327;393;728;504;673;361;156;501;259;389;348;196;630;241;631;414;468;291;630;465;89;0;670;773;570;676;321;462;371;646;335;273;338;186;167;614;452;437;98;304;486;115;228;697;508;189;429;263;204;92;266;398;288;522;351;389;676;487;408;683;458;682;728;609;231;662;148;196;470;275;291;232;104;220;650;685;299;216;26;718;650;610;447;405;147;823;398;601;298;517;317;346;309;583;681;366
936;320;393;474;328;308;975;941;98;385;45;769;624;364;913;378;462;713;266;882;210;619;218;918;859;368;622;670;0;150;779;727;419;542;307;427;763;790;751;711;502;112;752;235;767;450;352;712;641;84;448;825;478;416;727;726;922;624;705;405;1018;552;372;937;751;944;657;616;60;854;540;660;546;719;291;942;806;846;573;778;668;632;924;870;659;95;230;704;235;391;705;321;500;772;957;202;507;621;478;92;637;419
950;171;532;473;234;236;1061;1000;53;391;117;909;703;513;1003;520;511;841;230;998;354;643;354;1038;854;392;738;773;150;0;778;695;486;691;432;379;901;853;890;838;608;261;774;340;870;515;501;830;774;209;447;942;501;535;798;818;1035;652;842;555;1124;582;311;973;783;938;672;571;130;852;610;624;638;792;438;1039;938;926;672;851;816;587;1003;961;767;60;187;686;367;536;785;192;646;763;1047;349;647;660;536;233;594;562
172;166;744;308;588;560;592;403;765;396;749;927;418;877;581;774;361;765;548;761;892;190;712;815;82;413;633;570;779;778;0;167;431;940;655;419;902;355;903;755;556;809;124;613;596;408;856;685;776;854;334;728;308;625;386;511;752;197;849;920;766;255;490;282;173;165;139;275;828;75;389;214;484;391;795;648;861;480;521;408;1140;263;519;565;590;755;591;118;695;803;436;686;864;42;613;772;792;238;373;744;255;782
269;30;779;269;480;462;747;567;693;353;691;1017;520;894;729;804;390;863;470;888;873;262;708;942;201;386;724;676;727;695;167;0;459;986;672;317;995;500;993;853;622;779;272;606;719;446;872;790;859;808;292;849;310;669;516;633;887;277;937;940;912;300;388;449;320;272;219;133;768;213;462;72;563;518;804;795;965;626;606;547;1182;118;673;708;692;685;513;67;695;833;557;572;910;126;764;764;847;329;416;711;109;820
527;410;320;217;422;374;577;522;449;187;406;592;219;447;521;347;71;460;313;561;476;243;289;610;511;146;323;321;419;486;431;459;0;527;225;333;573;372;568;452;190;410;363;201;408;31;425;411;430;474;208;508;152;210;313;342;586;240;510;490;660;176;356;525;349;590;292;416;477;498;124;419;173;306;364;564;568;441;218;365;723;424;517;481;323;438;337;406;271;376;301;506;451;442;566;351;391;218;64;353;423;361
818;849;211;734;801;760;766;855;638;673;575;285;557;181;698;196;596;340;692;534;368;752;355;542;1015;629;373;462;542;691;940;986;527;0;332;802;293;724;278;346;389;433;845;432;529;541;190;404;259;509;718;492;677;318;649;554;590;744;263;151;702;694;789;936;813;1085;804;933;580;999;553;943;467;639;255;686;374;693;445;677;200;943;754;660;437;632;682;932;353;170;595;836;77;958;728;343;152;704;573;460;943;169
715;533;124;410;483;439;690;694;381;343;319;487;362;223;624;137;294;410;369;575;274;467;97;611;736;299;316;371;307;432;655;672;225;332;0;470;476;543;466;407;207;243;583;107;468;249;201;405;343;326;392;519;363;110;470;438;616;464;414;268;714;401;460;727;564;814;517;607;364;723;305;623;269;461;140;646;507;571;284;517;517;618;647;581;357;372;367;624;76;165;434;535;263;665;666;151;232;436;285;216;619;165
582;82;593;157;170;145;846;724;380;145;386;918;515;669;804;607;298;792;161;886;600;334;468;937;488;189;656;646;427;379;419;317;333;802;470;0;900;601;894;785;522;498;448;374;724;343;649;743;757;510;144;835;227;516;573;647;904;350;837;718;965;300;72;657;473;570;342;193;460;490;420;246;500;570;575;858;901;707;547;622;982;209;776;769;652;372;201;314;462;634;586;268;733;397;847;512;691;382;337;431;216;635
557;982;370;787;951;904;551;695;849;756;785;26;484;444;490;386;626;140;834;277;630;735;547;267;965;711;271;335;763;901;902;995;573;293;476;900;0;601;15;150;384;668;787;580;348;571;443;226;143;752;781;253;715;392;537;413;332;721;63;432;439;697;910;811;743;1018;783;980;812;944;533;971;432;529;480;456;91;524;388;543;406;986;563;462;313;841;839;931;534;378;480;1010;285;931;508;564;256;671;591;672;984;345
172;521;576;444;744;700;253;152;819;490;778;627;182;729;228;613;344;462;654;414;817;276;633;466;394;471;358;273;790;853;355;500;372;724;543;601;601;0;605;452;356;769;232;563;260;341;710;375;501;841;460;388;379;459;77;188;400;258;559;759;412;301;655;214;182;430;294;556;849;371;251;515;279;86;673;295;541;126;285;59;918;553;179;210;299;809;688;435;611;636;130;840;654;394;265;692;574;219;317;719;546;602
571;976;358;783;942;896;561;702;837;750;773;25;485;430;500;374;622;143;826;289;616;734;535;281;966;705;271;338;751;890;903;993;568;278;466;894;15;605;0;153;380;655;788;571;355;567;429;230;138;739;776;263;711;384;540;417;344;720;57;417;452;695;903;816;745;1021;782;977;800;946;531;969;430;533;467;467;105;531;387;548;392;983;571;471;315;829;830;930;523;365;483;1000;270;931;518;551;244;670;588;660;980;332
472;859;330;660;854;806;428;552;787;640;726;175;338;448;362;358;498;10;738;193;617;592;493;214;816;596;132;186;711;838;755;853;452;346;407;785;150;452;153;0;263;631;638;502;206;446;440;77;89;717;657;146;585;304;387;264;247;578;110;452;358;559;803;663;594;869;639;848;766;795;395;834;296;380;454;342;116;382;250;395;507;852;429;329;165;778;749;789;476;361;331;923;304;785;387;526;240;527;461;619;849;321
519;600;220;403;595;547;483;502;562;377;506;404;176;373;417;257;243;270;480;393;476;372;304;437;629;333;138;167;502;608;556;622;190;389;207;522;384;356;380;263;0;450;456;271;265;187;354;230;242;531;397;337;331;106;279;231;427;361;322;404;517;323;540;558;424;697;423;598;561;611;167;592;80;270;322;441;379;367;78;320;589;604;442;374;158;552;495;562;283;280;235;670;314;577;459;357;238;317;209;416;602;248
936;432;303;514;424;397;932;921;210;426;152;672;593;254;867;282;465;632;344;810;105;635;146;842;890;399;556;614;112;261;809;779;410;433;243;498;668;769;655;631;450;0;764;209;711;440;243;641;555;86;489;754;502;352;700;680;854;637;613;294;955;566;453;935;757;974;678;679;147;882;520;715;506;692;189;889;718;810;525;749;556;693;887;823;600;206;315;747;167;291;670;430;396;808;909;105;412;625;473;68;697;323
185;289;659;307;612;576;475;300;753;383;727;811;305;800;460;691;300;648;549;637;837;133;652;691;178;386;520;452;752;774;124;272;363;845;583;448;787;232;788;638;456;764;0;559;473;335;779;566;665;819;330;605;275;537;263;389;629;128;735;839;644;200;515;210;50;240;106;350;805;158;293;298;381;268;724;527;741;358;412;284;1045;342;401;442;474;743;590;209;633;719;314;712;769;162;493;714;695;147;300;703;335;694
727;427;229;338;377;333;741;715;292;259;235;593;392;297;678;236;260;506;263;659;279;432;102;699;695;221;398;437;235;340;613;606;201;432;107;374;580;563;571;502;271;209;559;0;535;231;276;490;445;278;316;602;308;197;496;491;696;433;518;345;788;363;358;726;549;777;478;526;294;685;313;550;311;488;203;708;607;612;339;547;608;539;690;635;429;282;260;565;90;262;471;429;366;617;722;160;339;417;265;157;541;269
299;748;443;577;830;782;240;347;825;585;770;374;212;588;171;478;426;215;720;170;726;461;565;224;646;549;167;98;767;870;596;719;408;529;468;724;348;260;355;206;265;711;473;535;0;388;574;131;275;795;582;132;501;360;210;86;181;444;315;604;255;449;759;464;425;689;499;741;826;624;304;714;237;205;563;178;282;176;198;201;706;742;226;131;112;815;742;652;545;492;162;913;471;631;207;613;393;392;387;681;737;452
496;414;338;216;442;395;549;491;479;200;436;591;193;470;495;367;57;453;336;545;505;219;318;595;487;161;315;304;450;515;408;446;31;541;249;343;571;341;567;446;187;440;335;231;388;0;448;400;430;506;211;493;145;223;283;319;567;214;510;512;638;155;372;495;320;565;269;411;508;474;96;409;157;277;390;539;562;412;204;336;739;418;489;455;309;468;362;390;299;396;274;529;465;421;540;380;401;189;36;385;416;377
867;665;135;607;625;588;812;855;448;534;386;444;528;22;743;98;495;438;522;632;187;667;182;654;935;493;407;486;352;501;856;872;425;190;201;649;443;710;429;440;354;243;779;276;574;448;0;473;354;320;588;580;564;252;633;571;683;662;395;69;792;601;625;907;756;1013;717;801;390;922;491;821;431;624;75;749;507;712;428;673;336;812;783;701;465;443;507;825;187;82;588;653;160;866;781;156;201;632;483;272;814;123
416;806;350;610;825;777;362;476;781;598;722;251;270;484;294;382;449;87;710;170;639;528;498;208;744;557;93;115;712;830;685;790;411;404;405;743;226;375;230;77;230;641;566;490;131;400;473;0;147;726;609;114;534;296;312;187;214;513;186;494;320;500;767;586;521;795;573;792;769;723;338;775;244;305;474;283;176;306;197;318;576;796;356;258;98;772;725;724;479;391;256;900;352;716;324;538;279;461;411;621;792;350
559;839;252;645;811;764;508;616;723;613;659;162;361;361;441;277;485;86;694;282;534;602;423;300;843;568;146;228;641;774;776;859;430;259;343;757;143;501;138;89;242;555;665;445;275;430;354;147;0;641;638;235;574;252;430;317;336;589;80;363;447;560;768;715;624;902;651;840;694;823;397;833;297;422;373;427;165;448;256;447;430;846;502;405;202;714;700;797;408;277;373;873;214;803;470;449;153;541;451;550;844;238
1000;374;389;551;409;391;1012;993;165;461;127;756;669;328;948;367;524;718;350;896;149;688;230;928;934;441;641;697;84;209;854;808;474;509;326;510;752;841;739;717;531;86;819;278;795;506;320;726;641;0;525;840;549;436;774;761;940;692;698;363;1040;620;456;998;816;1019;728;699;80;928;591;741;584;766;272;972;804;888;606;824;614;714;965;904;684;166;313;783;250;374;747;394;477;849;990;192;497;684;537;121;719;408
504;203;507;26;288;248;703;589;431;63;416;800;372;609;660;527;160;665;219;747;581;204;418;798;413;95;525;508;448;447;334;292;208;718;392;144;781;460;776;657;397;489;330;316;582;211;588;609;638;525;0;697;84;411;429;504;763;217;719;656;822;159;196;536;347;498;226;215;495;409;279;234;365;426;517;714;773;564;413;479;908;226;633;625;516;422;261;259;406;556;443;387;645;325;703;472;592;242;199;421;227;549
327;877;461;695;928;879;298;455;894;692;834;278;335;590;239;493;537;151;814;57;751;590;612;102;778;653;204;189;825;942;728;849;508;492;519;835;253;388;263;146;337;754;605;602;132;493;580;114;235;840;697;0;617;410;342;217;103;573;241;596;213;573;864;585;556;819;630;866;882;756;419;842;336;337;586;204;170;288;290;329;645;868;315;215;185;884;831;782;593;500;293;1005;449;763;255;651;382;521;498;735;863;459
460;274;469;77;365;322;620;513;478;114;452;735;289;586;576;494;88;593;282;667;585;143;408;718;389;111;453;429;478;501;308;310;152;677;363;227;715;379;711;585;331;502;275;308;501;145;564;534;574;549;84;617;0;362;346;421;681;151;653;631;738;83;276;473;283;472;179;267;530;380;199;267;290;343;498;630;701;481;337;396;873;273;551;542;439;467;321;261;393;523;359;462;602;309;620;467;542;166;124;437;272;510
625;596;123;423;559;512;586;607;486;375;425;407;277;271;519;157;278;308;442;466;371;436;206;504;702;329;207;263;416;535;625;669;210;318;110;516;392;459;384;304;106;352;537;197;360;223;252;296;252;436;411;410;362;0;383;336;507;428;329;306;605;376;520;656;510;775;487;624;473;686;244;629;180;374;216;538;411;473;184;426;517;632;547;476;248;476;449;614;186;183;341;622;242;641;560;254;181;391;255;326;632;158
245;545;499;417;706;660;275;224;762;450;717;563;108;652;232;536;295;397;609;375;744;268;561;429;437;426;286;204;727;798;386;516;313;649;470;573;537;77;540;387;279;700;263;496;210;283;633;312;430;774;429;342;346;383;0;128;371;250;492;682;404;276;622;288;215;483;298;553;786;415;188;519;204;9;598;290;483;135;208;53;843;552;208;201;228;751;640;449;540;559;57;799;578;422;274;620;498;202;264;653;546;525
296;662;436;497;761;713;252;301;776;511;724;439;132;587;187;473;351;274;654;256;707;376;535;310;564;478;181;92;726;818;511;633;342;554;438;647;413;188;417;264;231;680;389;491;86;319;571;187;317;761;504;217;421;336;128;0;262;358;371;610;320;366;686;400;342;611;413;656;785;542;229;629;181;121;549;222;356;142;155;131;742;657;213;145;118;765;679;566;514;491;76;847;489;546;231;588;409;307;313;643;652;453
232;916;564;758;1008;960;242;431;988;765;930;354;392;692;200;595;606;251;896;56;853;635;711;81;794;729;300;266;922;1035;752;887;586;590;616;904;332;400;344;247;427;854;629;696;181;567;683;214;336;940;763;103;681;507;371;262;0;617;332;698;112;628;939;573;579;825;669;918;980;771;485;888;413;369;688;143;241;281;370;344;734;918;281;195;269;978;916;820;692;602;333;1089;550;790;198;752;484;566;568;833;913;561
312;304;548;196;505;465;510;375;628;263;600;744;242;684;478;579;174;587;431;614;712;18;527;668;274;261;450;398;624;652;197;277;240;744;464;350;721;258;720;578;361;637;128;433;444;214;662;513;589;692;217;573;151;428;250;358;617;0;665;725;654;72;410;322;132;351;62;303;678;260;195;271;293;251;604;540;688;376;333;291;944;302;437;450;415;618;471;212;509;607;284;604;667;216;518;589;597;52;179;575;296;586
564;919;312;725;887;841;533;662;790;693;726;82;431;399;469;331;565;100;771;276;581;678;488;279;913;648;216;288;705;842;849;937;510;263;414;837;63;559;57;110;322;613;735;518;315;510;395;186;80;698;719;241;653;329;492;371;332;665;0;391;443;638;847;771;693;970;727;920;756;893;474;912;373;483;426;444;113;492;331;502;405;925;538;437;264;781;776;874;475;325;434;947;241;877;492;508;201;615;531;614;923;290
903;724;184;675;690;654;844;901;503;603;442;428;579;48;775;149;560;448;589;645;219;730;250;661;999;562;438;522;405;555;920;940;490;151;268;718;432;759;417;452;404;294;839;345;604;512;69;494;363;363;656;596;631;306;682;610;698;725;391;0;809;666;693;961;815;1075;781;870;438;985;549;889;482;672;143;775;504;752;475;719;270;881;820;734;499;498;572;892;256;123;634;714;151;931;811;219;215;693;547;332;883;158
121;930;670;814;1080;1033;193;403;1079;831;1023;460;451;802;185;702;671;363;972;167;959;673;810;174;796;798;399;351;1018;1124;766;912;660;702;714;965;439;412;452;358;517;955;644;788;255;638;792;320;447;1040;822;213;738;605;404;320;112;654;443;809;0;676;1006;552;594;816;700;958;1076;773;549;922;491;404;794;118;348;286;453;366;844;956;256;205;359;1069;996;846;790;711;380;1166;662;806;158;854;595;606;633;930;950;670
384;307;493;143;446;404;547;431;558;196;529;719;238;623;507;522;107;568;365;618;642;69;460;672;335;190;428;389;552;582;255;300;176;694;401;300;697;301;695;559;323;566;200;363;449;155;601;500;560;620;159;573;83;376;276;366;628;72;638;666;676;0;355;391;202;415;116;293;606;323;164;275;265;274;540;565;673;409;309;323;893;296;476;475;402;547;403;240;442;550;297;543;618;266;550;521;551;84;121;503;292;532
654;77;584;214;98;75;896;784;316;175;330;926;555;645;850;593;335;809;109;917;558;396;443;966;560;211;677;676;372;311;490;388;356;789;460;72;910;655;903;803;540;453;515;358;759;372;625;767;768;456;196;864;276;520;622;686;939;410;847;693;1006;355;0;724;537;643;409;261;401;562;457;316;529;618;551;902;917;757;575;672;961;277;828;814;680;309;143;387;440;619;630;198;723;469;894;480;688;438;373;388;284;625
2;391;777;513;821;783;361;150;948;585;917;837;382;927;376;812;475;673;753;600;996;333;809;648;274;582;572;487;937;973;282;449;525;936;727;657;811;214;816;663;558;935;210;726;464;495;907;586;715;998;536;585;473;656;288;400;573;322;771;961;552;391;724;0;190;270;315;549;993;253;422;492;478;297;863;442;746;297;492;269;1131;540;298;379;513;938;793;396;788;837;343;920;864;323;394;870;784;316;462;878;531;806
185;339;632;325;633;595;427;259;759;395;729;768;264;777;410;666;292;604;563;588;825;143;638;642;223;392;478;408;751;783;173;320;349;813;564;473;743;182;745;594;424;757;50;549;425;320;756;521;624;816;347;556;283;510;215;342;579;132;693;815;594;202;537;190;0;278;133;390;806;202;265;342;346;220;704;477;695;308;374;234;1013;384;353;392;430;749;602;256;619;693;267;733;738;212;444;700;662;132;285;697;377;666
13;121;896;471;739;715;628;419;928;560;913;1044;542;1034;635;928;522;879;708;843;1056;347;875;895;85;578;756;683;944;938;165;272;590;1085;814;570;1018;430;1021;869;697;974;240;777;689;565;1013;795;902;1019;498;819;472;775;483;611;825;351;970;1075;816;415;643;270;278;0;299;402;992;92;533;339;621;490;954;702;967;544;651;489;1285;388;561;630;706;918;752;256;857;956;539;835;1009;175;658;935;935;383;529;909;379;933
283;249;606;201;506;470;546;392;653;281;630;806;302;739;520;636;223;648;445;669;757;52;576;723;219;289;511;458;657;672;139;219;292;804;517;342;783;294;782;639;423;678;106;478;499;269;717;573;651;728;226;630;179;487;298;413;669;62;727;781;700;116;409;315;133;299;0;263;708;207;257;222;356;300;657;584;749;417;395;334;1004;259;472;495;476;642;487;153;559;664;338;606;727;155;558;637;658;112;234;614;252;644
401;14;722;200;350;336;809;649;573;267;577;1001;531;822;780;743;355;856;353;911;778;285;627;964;327;308;716;682;616;571;275;133;416;933;607;193;980;556;977;848;598;679;350;526;741;411;801;792;840;699;215;866;267;624;553;656;918;303;920;870;958;293;261;549;390;402;263;0;653;335;454;64;552;554;729;843;963;678;598;594;1124;16;735;754;695;565;394;157;617;772;585;440;859;241;820;678;804;352;389;611;24;764
990;295;444;521;343;331;1035;999;91;433;79;818;684;400;972;426;518;768;300;939;228;672;272;974;907;420;680;728;60;130;828;768;477;580;364;460;812;849;800;766;561;147;805;294;826;508;390;769;694;80;495;882;530;473;786;785;980;678;756;438;1076;606;401;993;806;992;708;653;0;903;599;699;605;778;335;1001;858;906;633;837;693;668;983;930;717;95;260;749;290;437;764;319;543;819;1016;248;556;677;536;147;674;468
98;157;807;382;660;632;591;391;840;470;824;969;463;943;589;838;430;805;622;784;963;256;782;837;23;487;678;609;854;852;75;213;498;999;723;490;944;371;946;795;611;882;158;685;624;474;922;723;823;928;409;756;380;686;415;542;771;260;893;985;773;323;562;253;202;92;207;335;903;0;446;272;537;421;862;657;897;492;570;428;1199;322;520;578;631;830;665;180;765;866;469;757;922;95;617;843;849;295;438;817;313;844
417;468;367;276;533;486;454;402;573;283;529;555;99;512;400;400;122;404;429;468;575;206;388;520;463;250;263;231;540;610;389;462;124;553;305;420;533;251;531;395;167;520;293;313;304;96;491;338;397;591;279;419;199;244;188;229;485;195;474;549;549;164;457;422;265;533;257;454;599;446;0;440;101;182;443;447;509;317;145;241;753;458;393;361;241;563;457;400;367;427;178;622;477;411;445;449;404;151;84;469;455;401
341;35;734;214;408;390;766;598;623;293;622;993;508;842;741;757;353;843;400;885;811;253;652;938;263;330;703;662;660;624;214;72;419;943;623;246;971;515;969;834;592;715;298;550;714;409;821;775;833;741;234;842;267;629;519;629;888;271;912;889;922;275;316;492;342;339;222;64;699;272;440;0;540;520;751;805;948;639;585;556;1137;50;692;717;677;614;443;96;640;786;555;500;868;179;779;706;809;322;383;647;41;775
448;564;299;366;595;547;430;428;595;357;543;454;97;450;368;335;205;304;484;388;543;306;363;438;555;318;164;148;546;638;484;563;173;467;269;500;432;279;430;296;80;506;381;311;237;157;431;244;297;584;365;336;290;180;204;181;413;293;373;482;491;265;529;478;346;621;356;552;605;537;101;540;0;195;394;402;411;304;47;248;666;557;381;325;152;585;505;500;341;359;166;677;392;508;412;420;315;246;167;465;554;327
254;548;490;415;701;656;279;233;755;446;710;555;99;643;234;527;290;390;604;372;735;269;553;426;443;421;277;196;719;792;391;518;306;639;461;570;529;86;533;380;270;692;268;488;205;277;624;305;422;766;426;337;343;374;9;121;369;251;483;672;404;274;618;297;220;490;300;554;778;421;182;520;195;0;589;291;477;139;198;60;834;553;213;202;220;744;635;451;531;550;49;794;569;426;277;611;488;202;258;645;547;515
841;595;125;537;552;514;797;822;385;462;321;484;491;95;729;96;434;454;448;640;165;607;108;668;875;422;398;470;291;438;795;804;364;255;140;575;480;673;467;454;322;189;724;203;563;390;75;474;373;272;517;586;498;216;598;549;688;604;426;143;794;540;551;863;704;954;657;729;335;862;443;751;394;589;0;741;534;688;399;641;411;741;761;686;452;378;433;759;113;102;557;582;209;803;768;89;225;577;425;206;743;137
133;813;619;704;980;933;99;295;996;728;943;481;348;762;68;654;567;349;875;187;904;558;743;223;680;697;343;275;942;1039;648;795;564;686;646;858;456;295;467;342;441;889;527;708;178;539;749;283;427;972;714;204;630;538;290;222;143;540;444;775;118;565;902;442;477;702;584;843;1001;657;447;805;402;291;741;0;370;168;369;249;848;841;145;90;290;986;901;729;722;667;272;1068;635;688;55;792;561;492;531;857;834;626
466;975;415;776;966;919;467;622;887;755;824;113;447;511;409;438;614;109;850;187;691;704;588;176;918;712;248;291;806;938;861;965;568;374;507;901;91;541;105;116;379;718;741;607;282;562;507;176;165;804;773;170;701;411;483;356;241;688;113;504;348;673;917;746;695;967;749;963;858;897;509;948;411;477;534;370;0;453;365;482;497;967;484;384;273;878;859;900;573;435;429;1033;354;892;423;613;309;637;577;714;964;397
155;646;577;551;841;795;139;171;888;586;840;550;223;729;103;614;429;391;743;303;843;394;667;353;515;560;320;232;846;926;480;626;441;693;571;707;524;126;531;382;367;810;358;612;176;412;712;306;448;888;564;288;481;473;135;142;281;376;492;752;286;409;757;297;308;544;417;678;906;492;317;639;304;139;688;168;453;0;289;86;877;675;77;86;257;877;773;561;645;633;142;933;630;520;142;722;550;332;396;768;669;595
442;611;293;414;639;590;406;427;628;404;574;411;112;446;341;331;252;259;526;343;554;347;380;392;589;364;118;104;573;672;521;606;218;445;284;547;388;285;387;250;78;525;412;339;198;204;428;197;256;606;413;290;337;184;208;155;370;333;331;475;453;309;575;492;374;651;395;598;633;570;145;585;47;198;399;369;365;289;0;245;643;603;364;298;105;618;546;543;359;352;160;719;372;547;384;434;293;284;214;489;600;317
200;573;538;466;758;712;224;182;815;502;769;569;156;691;186;575;348;405;662;356;791;309;609;409;451;478;306;220;778;851;408;547;365;677;517;622;543;59;548;395;320;749;284;547;201;336;673;318;447;824;479;329;396;426;53;131;344;291;502;719;366;323;672;269;234;489;334;594;837;428;241;556;248;60;641;249;482;86;245;0;868;592;156;161;245;804;693;481;588;597;85;851;608;446;227;667;528;246;317;703;585;561
963;987;404;925;960;924;935;1043;766;860;707;387;754;317;869;381;793;500;858;679;465;952;518;673;1216;816;562;650;668;816;1140;1182;723;200;517;982;406;918;392;507;589;556;1045;608;706;739;336;576;430;614;908;645;873;517;843;742;734;944;405;270;844;893;961;1131;1013;1285;1004;1124;693;1199;753;1137;666;834;411;848;497;877;643;868;0;1134;932;834;624;762;842;1129;521;352;788;982;276;1158;895;488;351;904;772;600;1135;363
385;11;732;210;366;352;805;642;589;279;593;1007;533;834;778;753;362;861;368;912;792;284;639;966;313;320;720;685;632;587;263;118;424;943;618;209;986;553;983;852;604;693;342;539;742;418;812;796;846;714;226;868;273;632;552;657;918;302;925;881;956;296;277;540;384;388;259;16;668;322;458;50;557;553;741;841;967;675;603;592;1134;0;731;752;698;581;410;145;629;782;585;456;869;229;817;691;813;352;395;625;9;774
84;677;648;619;913;868;74;151;965;658;917;589;301;799;81;685;504;437;817;316;918;455;743;360;543;634;384;299;924;1003;519;673;517;754;647;776;563;179;571;429;442;887;401;690;226;489;783;356;502;965;633;315;551;547;208;213;281;437;538;820;256;476;828;298;353;561;472;735;983;520;393;692;381;213;761;145;484;77;364;156;932;731;0;101;322;954;848;608;722;703;219;1007;693;560;98;798;614;396;471;845;724;664
169;731;568;615;894;847;111;242;920;641;868;488;263;716;43;604;481;338;791;222;846;468;678;270;601;611;296;216;870;961;565;708;481;660;581;769;462;210;471;329;374;823;442;635;131;455;701;258;405;904;625;215;542;476;201;145;195;450;437;734;205;475;814;379;392;630;495;754;930;578;361;717;325;202;686;90;384;86;298;161;834;752;101;0;236;909;818;642;657;620;184;983;602;604;86;730;524;403;445;787;746;580
404;709;332;515;743;695;347;419;721;508;664;338;174;480;278;368;355;174;630;239;614;431;454;287;652;469;64;26;659;767;590;692;323;437;357;652;313;299;315;165;158;600;474;429;112;309;465;98;202;684;516;185;439;248;228;118;269;415;264;499;359;402;680;513;430;706;476;695;717;631;241;677;152;220;452;290;273;257;105;245;624;698;322;236;0;710;648;627;434;384;171;822;373;621;317;502;293;364;317;571;695;344
925;226;471;448;248;238;1011;957;11;362;57;849;654;456;951;460;469;781;214;941;304;610;294;980;833;357;680;718;95;60;755;685;438;632;372;372;841;809;829;778;552;206;743;282;815;468;443;772;714;166;422;884;467;476;751;765;978;618;781;498;1069;547;309;938;749;918;642;565;95;830;563;614;585;744;378;986;878;877;618;804;762;581;954;909;710;0;172;670;307;476;736;229;586;744;995;289;586;623;492;173;587;501
763;169;488;287;119;83;911;830;180;208;187;852;555;525;857;490;345;754;43;887;420;460;328;932;667;217;633;650;230;187;591;513;337;682;367;201;839;688;830;749;495;315;590;260;742;362;507;725;700;313;261;831;321;449;640;679;916;471;776;572;996;403;143;793;602;752;487;394;260;665;457;443;505;635;433;901;859;773;546;693;842;410;848;818;648;172;0;500;330;514;636;174;622;577;902;355;599;485;377;253;416;526
268;97;726;233;483;459;683;507;679;322;670;954;454;847;663;753;336;798;457;821;837;196;667;875;175;349;660;610;704;686;118;67;406;932;624;314;931;435;930;789;562;747;209;565;652;390;825;724;797;783;259;782;261;614;449;566;820;212;874;892;846;240;387;396;256;256;153;157;749;180;400;96;500;451;759;729;900;561;543;481;1129;145;608;642;627;670;500;0;653;782;490;579;855;85;699;725;790;263;359;680;136;767
783;498;166;427;448;408;766;763;315;350;252;543;432;208;700;162;336;479;340;649;208;511;21;684;777;311;392;447;235;367;695;695;271;353;76;462;534;611;523;476;283;167;633;90;545;299;187;479;408;250;406;593;393;186;540;514;692;509;475;256;790;442;440;788;619;857;559;617;290;765;367;640;341;531;113;722;573;645;359;588;521;629;722;657;434;307;330;653;0;184;507;488;293;701;742;82;281;488;334;143;631;200
787;682;61;573;632;591;731;779;483;508;419;382;456;96;662;29;447;360;522;552;257;613;189;575;881;464;325;405;391;536;803;833;376;170;165;634;378;636;365;361;280;291;719;262;492;396;82;391;277;374;556;500;523;183;559;491;602;607;325;123;711;550;619;837;693;956;664;772;437;866;427;786;359;550;102;667;435;633;352;597;352;782;703;620;384;476;514;782;184;0;512;671;111;817;699;189;125;573;430;304;783;41
284;587;453;434;710;663;276;267;746;456;698;506;82;606;222;490;297;341;607;331;708;302;528;385;490;427;229;147;705;785;436;557;301;595;434;586;480;130;483;331;235;670;314;471;162;274;588;256;373;747;443;293;359;341;57;76;333;284;434;634;380;297;630;343;267;539;338;585;764;469;178;555;166;49;557;272;429;142;160;85;788;585;219;184;171;736;636;490;507;512;0;800;525;470;267;585;445;233;261;627;580;476
841;13;652;408;100;140;1073;975;229;350;278;1022;720;668;1022;650;504;928;193;1061;531;590;482;1106;754;373;807;823;321;192;686;572;506;836;535;268;1010;840;1000;923;670;430;712;429;913;529;653;900;873;394;387;1005;462;622;799;847;1089;604;947;714;1166;543;198;920;733;835;606;440;319;757;622;500;677;794;582;1068;1033;933;719;851;982;456;1007;983;822;229;174;579;488;671;800;0;781;663;1066;497;766;627;539;382;464;688
768;791;140;659;740;698;710;788;593;601;529;284;483;160;642;132;520;300;629;497;347;676;299;511;939;556;310;398;500;646;864;910;451;77;263;733;285;654;270;304;314;396;769;366;471;465;160;352;214;477;645;449;602;242;578;489;550;667;241;151;662;618;723;864;738;1009;727;859;543;922;477;868;392;569;209;635;354;630;372;608;276;869;693;602;373;586;622;855;293;111;525;781;0;882;674;298;81;627;497;413;869;98
188;127;759;299;566;540;633;445;753;388;740;955;448;888;621;788;371;795;533;797;894;206;717;851;91;409;661;601;772;763;42;126;442;958;665;397;931;394;931;785;577;808;162;617;631;421;866;716;803;849;325;763;309;641;422;546;790;216;877;931;806;266;469;323;212;175;155;241;819;95;411;179;508;426;803;688;892;520;547;446;1158;229;560;604;621;744;577;85;701;817;470;663;882;0;654;776;812;262;387;741;220;798
94;774;649;691;976;929;44;245;1006;721;955;532;347;795;45;685;563;395;874;242;930;536;763;279;640;693;374;298;957;1047;613;764;566;728;666;847;508;265;518;387;459;909;493;722;207;540;781;324;470;990;703;255;620;560;274;231;198;518;492;811;158;550;894;394;444;658;558;820;1016;617;445;779;412;277;768;55;423;142;384;227;895;817;98;86;317;995;902;699;742;699;267;1066;674;654;0;814;598;473;528;873;810;659
864;509;198;495;472;437;839;844;296;413;232;569;512;172;773;178;415;526;374;706;126;589;62;737;854;377;455;517;202;349;772;764;351;343;151;512;564;692;551;526;357;105;714;160;613;380;156;538;449;192;472;651;467;254;620;588;752;589;508;219;854;521;480;870;700;935;637;678;248;843;449;706;420;611;89;792;613;722;434;667;488;691;798;730;502;289;355;725;82;189;585;497;298;776;814;0;308;569;415;117;694;219
692;764;115;604;715;671;633;707;594;553;530;263;405;209;564;130;457;237;601;432;382;606;292;453;867;508;230;317;507;647;792;847;391;152;232;691;256;574;244;240;238;412;695;339;393;401;201;279;153;497;592;382;542;181;498;409;484;597;201;215;595;551;688;784;662;935;658;804;556;849;404;809;315;488;225;561;309;550;293;528;351;813;614;524;293;586;599;790;281;125;445;766;81;812;598;308;0;555;431;416;813;89
316;356;513;226;530;487;468;348;633;279;601;695;191;653;432;545;160;536;447;563;693;69;507;617;312;269;400;346;621;660;238;329;218;704;436;382;671;219;670;527;317;625;147;417;392;189;632;461;541;684;242;521;166;391;202;307;566;52;615;693;606;84;438;316;132;383;112;352;677;295;151;322;246;202;577;492;637;332;284;246;904;352;396;403;364;623;485;263;488;573;233;627;627;262;473;569;555;0;154;565;346;549
464;398;372;199;449;402;535;465;503;198;463;612;183;505;483;401;39;469;347;549;540;183;353;600;452;166;329;309;478;536;373;416;64;573;285;337;591;317;588;461;209;473;300;265;387;36;483;411;451;537;199;498;124;255;264;313;568;179;531;547;633;121;373;462;285;529;234;389;536;438;84;383;167;258;425;531;577;396;214;317;772;395;471;445;317;492;377;359;334;430;261;539;497;387;528;415;431;154;0;416;393;411
880;393;302;446;366;336;894;871;180;358;116;679;548;287;830;288;405;622;279;791;170;572;126;827;825;332;533;583;92;233;744;711;353;460;216;431;672;719;660;619;416;68;703;157;681;385;272;621;550;121;421;735;437;326;653;643;833;575;614;332;930;503;388;878;697;909;614;611;147;817;469;647;465;645;206;857;714;768;489;703;600;625;845;787;571;173;253;680;143;304;627;382;413;741;873;117;416;565;416;0;629;330
