QTD_PONTOS;100
QTD_VENDEDORES;3
9;997;0;282;637;634;913;1141;945;596;1000;231;932;1288;839;569;1125;878;1019;570;936;429;501;762;809;1350;635;859;996;906;877;586;501;796;304;987;905;567;639;348;986;616;1113;682;1218;1223;1248;781;736;1041;734;646;924;1002;556;408;292;928;823;1038;1045;1012;970;405;968;92;1207;498;301;303;735;787;834;616;797;808;921;514;1019;1199;661;517;729;920;770;346;1081;542;1044;860;733;1064;996;710;469;745;831;1159;1222;1184;350;1338
246;844;282;0;397;355;638;860;689;314;836;183;778;1008;688;357;869;687;796;462;780;213;219;493;574;1076;357;581;714;647;729;383;237;523;140;716;644;347;388;266;740;388;832;406;949;959;968;630;454;764;482;364;678;770;276;149;105;778;580;757;817;767;712;241;727;226;940;416;37;58;455;538;565;438;522;568;686;232;782;926;494;339;448;671;520;164;803;320;843;577;589;848;743;517;187;560;569;912;954;925;143;1065
639;901;637;397;0;334;536;648;671;285;1003;577;968;813;896;95;821;833;857;759;966;488;279;179;177;917;347;303;507;277;934;590;169;221;334;382;277;541;486;629;349;546;630;179;836;869;774;847;294;622;103;232;696;810;216;248;346;973;631;565;863;772;684;557;751;610;833;743;363;425;248;151;234;664;236;172;289;269;808;794;719;599;266;680;567;293;499;101;944;383;823;916;359;696;277;742;555;889;843;857;475;913
501;597;634;355;334;0;286;509;369;57;670;461;638;654;571;385;541;499;532;486;636;271;144;272;452;722;14;291;368;432;608;289;240;276;415;443;426;244;158;444;552;231;480;182;601;618;614;526;132;410;340;108;379;490;139;285;398;644;302;405;542;464;388;344;434;565;594;497;346;333;168;386;326;361;261;433;538;136;492;575;409;328;146;365;236;398;494;352;613;239;509;590;536;372;179;417;245;597;607;591;316;712
669;366;913;638;536;286;0;264;167;336;607;721;608;382;578;615;286;455;380;627;602;511;429;385;575;437;282;297;173;474;602;434;505;355;699;403;465;413;303;672;588;368;231;358;318;340;343;558;244;130;488;328;220;325;407;566;683;618;232;169;372;265;168;571;264;838;311;668;632;610;288;507;387;478;333;552;616;420;310;289;499;506;270;200;218;679;372;592;489;174;567;435;555;426;464;451;132;358;323;322;576;426
929;322;1141;860;648;509;264;0;374;546;814;966;831;166;817;740;362;684;558;890;824;762;641;469;611;280;510;346;148;465;836;697;681;427;893;343;457;674;563;929;542;631;32;498;264;319;128;806;411;153;565;506;436;505;596;759;883;843;483;104;537;433;356;827;457;1073;273;932;846;841;428;557;428;741;411;589;603;629;479;209;760;769;425;419;480;864;236;731;670;287;821;600;501;684;674;704;393;438;272;348;820;281
566;234;945;689;671;369;167;374;0;426;448;731;459;436;444;740;180;311;212;556;452;519;505;537;732;442;359;461;329;639;463;392;608;512;776;570;631;391;306;656;755;340;344;493;291;282;405;437;379;221;637;445;62;157;506;650;753;470;136;305;206;103;27;562;96;861;277;612;691;649;430;663;548;412;490;709;780;501;144;292;414;472;408;46;175;763;531;712;322;338;457;268;722;334;539;344;124;228;292;240;595;425
496;654;596;314;285;57;336;546;426;0;718;437;683;696;612;330;597;548;588;504;681;265;95;251;417;769;68;293;401;415;650;316;182;262;363;443;410;268;200;435;532;265;518;153;653;671;656;565;145;457;304;79;436;547;82;231;347;688;357;443;599;521;445;340;491;531;646;506;301;299;163;354;312;390;252;399;509;85;549;624;442;343;147;423;291;344;508;297;667;265;544;646;520;412;130;458;302;654;659;646;296;760
177;11;1000;836;1003;670;607;814;448;718;0;772;75;835;163;1043;488;170;261;437;68;622;752;919;1112;789;656;876;776;1052;131;455;880;906;965;1004;1044;497;519;652;1173;471;786;845;642;598;815;219;750;665;1004;776;389;311;794;877;933;85;396;753;290;383;461;609;358;908;625;515;857;780;804;1044;951;398;885;1091;1182;756;338;674;345;500;778;408;448;972;977;1006;161;758;268;238;1146;323;773;277;498;442;638;540;697;769
76;776;231;183;577;461;721;966;731;437;772;0;705;1102;612;540;909;647;790;349;708;213;355;654;753;1152;458;726;828;814;650;358;411;679;304;870;811;344;429;124;914;394;936;560;1012;1012;1063;554;582;851;656;504;704;777;426;329;272;702;604;862;817;791;757;176;746;139;1001;284;220;154;596;713;724;385;675;745;864;369;795;999;430;286;583;702;556;337;945;503;813;699;506;835;914;480;332;514;624;937;1016;970;146;1138
136;74;932;778;968;638;608;831;459;683;75;705;0;866;92;1003;524;153;295;366;9;565;709;896;1086;830;624;863;780;1036;57;402;837;886;910;997;1029;447;482;584;1158;427;802;817;679;639;844;151;729;679;976;745;397;338;755;828;878;13;384;763;327;408;475;546;376;840;662;442;801;721;781;1019;933;340;866;1066;1162;713;367;706;284;440;755;415;430;919;980;965;213;748;199;286;1133;275;727;228;490;487;676;581;637;810
997;171;1288;1008;813;654;382;166;436;696;835;1102;866;0;870;906;349;732;575;986;859;893;791;634;773;131;653;511;310;623;882;805;840;593;1050;497;616;790;683;1053;690;742;184;660;202;257;40;870;568;252;730;663;493;529;752;916;1039;879;565;256;546;459;412;952;496;1216;218;1036;997;986;590;721;593;838;577;751;757;781;499;162;847;881;584;481;580;1023;378;895;679;447;893;603;648;768;826;779;495;410;208;307;956;140
127;166;839;688;896;571;578;817;444;612;163;612;92;870;0;925;540;138;319;275;97;477;630;836;1022;847;557;813;750;983;41;318;759;829;822;953;975;365;413;491;1105;350;786;752;693;659;844;59;671;664;911;678;383;350;681;745;789;90;347;740;354;413;464;455;374;747;676;352;712;631;722;956;877;252;810;1003;1103;636;380;714;195;350;697;399;381;833;947;887;265;704;106;326;1081;200;647;154;451;516;691;601;547;827
578;974;569;357;95;385;615;740;740;330;1043;540;1003;906;925;0;898;875;916;763;1002;487;295;273;243;1007;397;397;598;365;965;611;168;315;266;475;366;563;525;609;423;576;722;258;921;951;867;873;371;708;195;295;759;872;250;216;285;1007;687;656;925;840;755;549;815;553;918;737;320;395;330;235;329;684;329;245;352;289;872;881;741;608;345;744;621;224;594;40;997;470;845;975;439;728;283;775;620;963;928;937;459;1003
660;80;1125;869;821;541;286;362;180;597;488;909;524;349;540;898;0;402;229;707;516;698;681;670;856;307;533;573;390;742;546;563;776;638;953;648;733;566;486;829;846;515;342;643;155;120;333;550;528;245;773;606;207;190;675;825;931;537;306;342;198;133;157;737;179;1040;138;770;870;830;574;790;665;571;616;833;886;675;160;188;562;642;555;207;354;938;575;873;330;454;582;254;809;483;715;480;301;79;152;65;775;288
265;157;878;687;833;499;455;684;311;548;170;647;153;732;138;875;402;0;187;349;148;475;586;750;942;709;486;711;627;886;152;305;713;738;811;844;878;341;350;536;1008;309;654;674;555;522;706;152;581;531;833;605;249;213;625;716;781;163;231;612;222;275;329;475;236;786;538;424;705;633;634;874;783;262;717;921;1014;589;243;576;221;363;609;266;280;815;827;839;168;595;192;208;981;171;609;133;336;383;553;464;553;690
431;70;1019;796;857;532;380;558;212;588;261;790;295;575;319;916;229;187;0;526;287;595;650;739;935;535;520;671;537;850;320;433;768;717;905;782;841;455;416;690;966;409;532;683;384;344;555;339;574;414;835;625;166;56;670;792;878;308;231;507;35;126;216;614;116;929;367;598;807;747;627;865;756;414;695;912;988;649;79;414;387;505;603;185;297;900;738;884;113;548;379;59;934;317;679;296;304;197;381;286;676;515
45;428;570;462;759;486;627;890;556;504;437;349;366;986;275;763;707;349;526;0;370;276;481;754;915;997;475;773;784;917;309;204;599;762;602;925;911;243;350;226;1036;271;858;657;843;824;952;220;615;745;803;583;507;534;549;556;567;361;422;795;560;574;582;223;527;479;828;77;493;405;654;856;812;149;747;899;1012;491;560;848;144;162;632;514;411;621;956;723;514;692;170;556;1022;224;484;231;497;709;844;772;322;980
144;71;936;780;966;636;602;824;452;681;68;708;9;859;97;1002;516;148;287;370;0;567;708;893;1084;821;622;859;774;1033;63;403;837;883;912;992;1025;448;481;588;1155;426;795;814;671;631;836;155;726;672;974;743;391;330;754;829;879;22;380;756;319;400;468;549;369;844;654;447;802;723;778;1016;929;342;863;1063;1159;713;360;699;286;442;752;409;426;920;974;964;205;744;203;277;1129;275;727;228;485;479;668;573;639;802
232;631;429;213;488;271;511;762;519;265;622;213;565;893;477;487;698;475;595;276;567;0;214;510;652;939;265;557;630;676;517;171;324;526;345;708;671;141;216;172;788;188;732;411;799;800;854;419;402;641;542;342;496;575;288;281;312;566;395;659;620;583;544;75;540;343;788;255;236;158;428;598;576;225;516;638;755;227;591;786;282;129;410;492;344;357;765;447;634;508;380;645;780;304;211;347;411;730;803;758;81;925
427;720;501;219;279;144;429;641;505;95;752;355;709;791;630;295;681;586;650;481;708;214;0;303;437;864;149;371;495;468;670;316;129;325;272;515;464;267;239;372;577;282;613;206;745;761;751;578;235;551;328;150;508;614;75;145;254;712;420;539;665;596;526;287;562;440;737;468;206;210;241;383;372;389;319;424;540;14;620;718;446;321;231;497;355;258;591;257;720;358;550;707;571;433;35;480;381;734;750;732;222;854
729;746;762;493;179;272;385;469;537;251;919;654;896;634;836;273;670;750;739;754;893;510;303;0;196;741;285;124;330;166;871;561;262;42;472;225;161;515;428;674;282;503;452;99;668;704;596;795;169;454;104;172;573;688;229;354;474;903;528;390;739;640;546;585;626;718;667;756;466;502;116;127;72;633;58;174;267;289;680;623;682;594;141;555;471;435;329;269;837;217;780;797;270;640;322;683;436;742;675;699;525;737
815;922;809;574;177;452;575;611;732;417;1112;753;1086;773;1022;243;856;942;935;915;1084;652;437;196;0;891;465;285;491;156;1059;732;343;220;505;285;162;684;610;801;182;680;602;270;838;880;737;978;364;628;113;344;769;883;366;425;520;1093;723;550;935;834;739;723;821;786;839;906;540;601;310;69;193;806;242;23;112;426;875;789;858;753;335;750;665;463;413;267;1033;402;960;993;202;824;443;868;631;931;846;881;647;891
965;44;1350;1076;917;722;437;280;442;769;789;1152;830;131;847;1007;307;709;535;997;821;939;864;741;891;0;719;620;410;745;853;831;927;700;1131;622;737;823;724;1090;817;774;290;755;155;191;157;855;654;313;840;747;491;497;834;997;1116;843;578;352;502;436;416;991;479;1273;171;1054;1068;1047;682;836;706;854;682;869;882;855;467;153;854;910;674;483;607;1107;506;993;628;539;885;551;775;774;899;777;529;347;156;249;1009;20
493;586;635;357;347;14;282;510;359;68;656;458;624;653;557;397;533;486;520;475;622;265;149;285;465;719;0;301;370;444;594;277;250;288;422;453;438;232;145;437;565;218;480;195;596;611;613;513;142;407;353;121;368;478;150;292;403;630;290;406;531;453;379;337;423;564;588;487;350;333;179;400;338;348;273;446;551;143;481;571;397;318;157;355;224;406;501;364;600;244;496;578;548;359;184;403;235;588;602;583;312;708
789;638;859;581;303;291;297;346;461;293;876;726;863;511;813;397;573;711;671;773;859;557;371;124;285;620;301;0;211;178;845;571;364;82;579;152;170;530;428;728;298;507;330;177;555;595;473;779;159;343;221;222;506;618;305;454;577;871;481;270;667;562;465;631;555;806;555;787;558;580;131;222;93;638;68;262;318;357;605;508;680;618;147;487;434;545;223;390;776;124;772;728;270;627;398;665;379;649;562;595;588;617
829;431;996;714;507;368;173;148;329;401;776;828;780;310;750;598;390;627;537;784;774;630;495;330;491;410;370;211;0;359;775;584;533;290;745;259;351;555;442;799;458;516;125;351;347;392;270;730;263;145;431;358;387;481;449;612;736;790;404;60;524;414;321;697;424;931;349;818;700;699;280;431;301;636;272;468;504;483;462;298;663;650;277;368;384;716;202;586;649;139;737;588;420;593;528;621;302;469;355;400;682;407
890;785;906;647;277;432;474;465;639;415;1052;814;1036;623;983;365;742;886;850;917;1033;676;468;166;156;745;444;178;359;0;1016;721;410;157;606;130;9;676;584;839;122;660;459;265;705;751;589;945;313;503;175;336;685;796;393;502;614;1044;657;416;845;739;642;750;734;870;708;922;617;661;266;130;106;792;173;139;145;454;783;654;838;757;290;665;607;566;257;377;955;302;934;906;105;791;484;832;556;819;713;758;689;746
116;127;877;729;934;608;602;836;463;650;131;650;57;882;41;965;546;152;320;309;63;517;670;871;1059;853;594;845;775;1016;0;358;798;863;863;983;1008;405;450;529;1138;389;806;788;700;663;857;99;705;683;947;715;400;357;720;785;830;51;373;762;354;423;481;495;387;785;683;386;753;672;757;992;911;292;844;1039;1138;675;387;724;235;390;731;417;412;873;973;926;253;734;144;320;1114;238;687;192;479;516;698;605;587;833
246;461;586;383;590;289;434;697;392;316;455;358;402;805;318;611;563;305;433;204;403;171;316;561;732;831;277;571;584;721;358;0;444;564;510;722;715;49;146;267;841;68;665;467;683;673;769;263;414;557;619;391;356;419;374;427;479;404;258;599;459;438;419;182;392;496;669;235;402;328;456;670;615;74;549;715;824;323;438;679;130;80;433;357;226;517;752;572;464;489;234;479;825;134;330;178;310;584;685;626;249;815
483;836;501;237;169;240;505;681;608;182;880;411;837;840;759;168;776;713;768;599;837;324;129;262;343;927;250;364;533;410;798;444;0;297;215;487;408;395;364;460;504;410;657;188;822;845;800;706;274;616;245;180;618;728;101;92;213;841;537;584;780;703;626;390;673;460;816;578;207;258;253;302;333;516;300;334;453;124;731;788;573;442;256;605;471;184;585;128;843;394;677;826;506;562;116;609;484;835;828;823;306;919
752;711;796;523;221;276;355;427;512;262;906;679;886;593;829;315;638;738;717;762;883;526;325;42;220;700;288;82;290;157;863;564;297;0;509;193;150;520;427;693;278;504;411;120;630;668;555;790;158;417;141;184;551;665;253;388;510;894;512;350;716;614;519;601;603;749;630;768;497;529;109;152;51;635;22;197;276;311;656;585;682;602;134;532;458;473;290;311;818;183;778;775;260;636;347;677;416;712;638;665;547;697
312;967;304;140;334;415;699;893;776;363;965;304;910;1050;822;266;953;811;905;602;912;345;272;472;505;1131;422;579;745;606;863;510;215;509;0;696;606;470;489;402;682;505;868;404;1016;1033;1010;764;482;818;432;387;774;874;298;134;34;911;681;794;923;862;797;380;826;289;1009;555;110;196;467;484;542;571;514;504;616;280;883;987;627;474;468;764;617;42;799;238;961;605;725;960;693;643;238;688;652;1003;1022;1005;281;1122
939;665;987;716;382;443;403;343;570;443;1004;870;997;497;953;475;648;844;782;925;992;708;515;225;285;622;453;152;259;130;983;722;487;193;696;0;123;682;578;878;202;657;342;311;594;644;465;922;311;404;281;368;622;727;445;579;699;1006;613;310;773;664;568;782;666;942;599;940;690;721;280;249;154;789;196;267;260;501;710;541;829;771;299;603;572;658;128;481;892;249;918;836;162;772;539;808;508;727;603;657;735;624
887;777;905;644;277;426;465;457;631;410;1044;811;1029;616;975;366;733;878;841;911;1025;671;464;161;162;737;438;170;351;9;1008;715;408;150;606;123;0;670;577;835;130;654;451;260;697;743;582;938;306;494;175;331;676;787;389;500;613;1037;649;408;836;730;633;746;725;868;700;916;615;658;259;132;100;786;167;144;153;450;774;646;831;752;283;657;599;566;251;378;946;294;927;898;110;784;481;825;548;811;705;750;686;738
278;498;567;347;541;244;413;674;391;268;497;344;447;790;365;563;566;341;455;243;448;141;267;515;684;823;232;530;555;676;405;49;395;520;470;682;670;0;113;267;796;51;642;420;678;673;753;311;371;540;571;344;361;436;325;381;439;450;260;574;479;447;417;171;402;479;665;264;364;295;412;622;570;123;505;667;777;275;452;670;178;95;389;360;218;475;717;524;496;453;282;504;780;174;282;220;296;594;681;629;221;809
390;484;639;388;486;158;303;563;306;200;519;429;482;683;413;525;486;350;416;350;481;216;239;428;610;724;145;428;442;584;450;146;364;427;489;578;577;113;0;370;705;79;531;340;584;585;645;368;272;432;498;266;290;385;275;377;463;488;193;462;434;379;331;269;340;556;572;376;394;345;318;545;477;211;410;591;695;240;395;571;255;208;294;284;133;484;606;489;481;343;352;472;686;214;266;259;196;525;587;545;290;710
61;653;348;266;629;444;672;929;656;435;652;124;584;1053;491;609;829;536;690;226;588;172;372;674;801;1090;437;728;799;839;529;267;460;693;402;878;835;267;370;0;948;317;898;576;945;938;1015;433;574;801;695;511;622;683;447;393;368;580;523;826;720;705;683;102;659;256;932;161;301;216;598;752;742;277;685;789;908;386;703;937;316;188;581;623;484;429;938;569;704;680;385;731;943;374;359;404;562;850;947;892;154;1075
986;861;986;740;349;552;588;542;755;532;1173;914;1158;690;1105;423;846;1008;966;1036;1155;788;577;282;182;817;565;298;458;122;1138;841;504;278;682;202;130;796;705;948;0;782;542;379;796;845;660;1067;435;603;258;453;802;912;502;592;695;1167;778;511;960;853;755;862;850;958;800;1037;708;760;387;202;228;913;296;179;87;563;898;742;960;875;412;783;729;641;312;445;1073;419;1056;1022;42;913;590;954;676;925;804;858;796;821
314;462;616;388;546;231;368;631;340;265;471;394;427;742;350;576;515;309;409;271;426;188;282;503;680;774;218;507;516;660;389;68;410;504;505;657;654;51;79;317;782;0;599;412;628;622;706;301;350;493;567;336;310;388;331;407;475;431;210;532;432;397;366;222;353;528;615;302;402;338;395;616;554;132;488;662;768;287;403;620;179;139;371;309;167;507;685;538;457;421;279;460;764;152;302;199;247;544;630;578;268;759
897;326;1113;832;630;480;231;32;344;518;786;936;802;184;786;722;342;654;532;858;795;732;613;452;602;290;480;330;125;459;806;665;657;411;868;342;451;642;531;898;542;599;0;476;256;309;145;775;386;123;551;481;406;478;571;734;858;813;451;75;511;406;327;795;428;1045;262;900;819;813;405;546;416;709;394;579;600;602;453;201;728;737;401;389;448;840;243;711;644;263;789;575;502;652;647;672;361;419;264;333;790;289
633;722;682;406;179;182;358;498;493;153;845;560;817;660;752;258;643;674;683;657;814;411;206;99;270;755;195;177;351;265;788;467;188;120;404;311;260;420;340;576;379;412;476;0;663;693;620;708;115;451;159;75;520;635;134;276;401;823;461;406;687;594;505;486;574;632;660;658;382;410;73;205;166;540;116;251;357;192;631;624;590;496;87;503;400;371;399;239;774;216;691;742;369;554;228;598;379;710;670;680;428;749
815;84;1218;949;836;601;318;264;291;653;642;1012;679;202;693;921;155;555;384;843;671;799;745;668;838;155;596;555;347;705;700;683;822;630;1016;594;697;678;584;945;796;628;256;663;0;58;194;700;554;214;771;643;337;344;724;884;999;692;427;289;353;281;264;848;324;1138;17;902;945;917;591;777;646;702;610;815;848;737;314;55;700;762;578;330;460;996;498;902;483;453;729;406;755;620;780;622;388;209;9;106;872;137
774;43;1223;959;869;618;340;319;282;671;598;1012;639;257;659;951;120;522;344;824;631;800;761;704;880;191;611;595;392;751;663;673;845;668;1033;644;743;673;585;938;845;622;309;693;58;0;252;670;581;252;808;668;320;309;745;902;1014;652;416;335;311;252;256;844;298;1141;47;886;957;924;622;817;687;687;648;857;895;754;279;112;680;753;607;317;457;1015;551;931;438;488;702;360;805;600;796;599;392;158;50;58;874;171
970;201;1248;968;774;614;343;128;405;656;815;1063;844;40;844;867;333;706;555;952;836;854;751;596;737;157;613;473;270;589;857;769;800;555;1010;465;582;753;645;1015;660;706;145;620;194;252;0;841;528;214;693;623;464;507;712;876;999;856;532;216;527;436;382;914;471;1176;209;1001;957;946;549;685;556;804;538;716;725;740;478;147;815;845;544;451;545;983;349;856;661;406;863;586;618;736;786;749;460;399;201;297;917;162
129;225;781;630;847;526;558;806;437;565;219;554;151;870;59;873;550;152;339;220;155;419;578;795;978;855;513;779;730;945;99;263;706;790;764;922;938;311;368;433;1067;301;775;708;700;670;841;0;632;653;866;634;377;362;631;689;731;149;327;724;374;420;459;396;377;689;684;297;654;573;682;912;839;195;772;959;1062;584;392;717;137;291;657;391;352;775;923;834;303;674;50;356;1045;154;593;114;428;534;699;613;488;836
633;607;736;454;294;132;244;411;379;145;750;582;729;568;671;371;528;581;574;615;726;402;235;169;364;654;142;159;263;313;705;414;274;158;482;311;306;371;272;574;435;350;386;115;554;581;528;632;0;344;261;95;409;524;185;349;472;736;359;312;577;481;391;475;463;674;549;628;437;443;54;295;207;482;139;342;433;222;519;517;527;459;29;392;302;455;365;349;669;124;622;633;414;478;267;520;270;595;560;566;440;646
778;295;1041;764;622;410;130;153;221;457;665;851;679;252;664;708;245;531;414;745;672;641;551;454;628;313;407;343;145;503;683;557;616;417;818;404;494;540;432;801;603;493;123;451;214;252;214;653;344;0;557;436;283;359;521;684;803;691;331;98;395;288;205;700;307;967;213;791;756;739;378;565;436;596;396;605;647;542;335;173;611;632;366;266;335;795;333;690;526;239;668;460;565;534;586;552;248;325;222;256;706;304
728;850;734;482;103;340;488;565;637;304;1004;656;976;730;911;195;773;833;835;803;974;542;328;104;113;840;353;221;431;175;947;619;245;141;432;281;175;571;498;695;258;567;551;159;771;808;693;866;261;557;0;232;670;785;255;334;442;982;618;490;837;740;646;615;724;701;770;796;450;503;208;57;139;693;161;96;213;315;779;726;745;641;232;652;558;392;401;203;930;321;847;894;263;712;337;757;531;845;779;803;542;838
571;679;646;364;232;108;328;506;445;79;776;504;745;663;678;295;606;605;625;583;743;342;150;172;344;747;121;222;358;336;715;391;180;184;387;368;331;344;266;511;453;336;481;75;643;668;623;634;95;436;232;0;466;580;91;254;378;751;399;407;632;545;460;417;521;588;638;585;345;359;91;280;234;465;174;326;433;136;578;609;515;422;84;450;335;361;442;268;712;219;616;684;441;480;178;524;326;669;649;648;367;740
506;218;924;678;696;379;220;436;62;436;389;704;397;493;383;759;207;249;166;507;391;496;508;573;769;491;368;506;387;685;400;356;618;551;774;622;676;361;290;622;802;310;406;520;337;320;464;377;409;283;670;466;0;115;518;653;749;408;101;366;168;89;82;532;55;838;322;567;683;635;462;700;590;367;529;746;823;505;113;345;363;435;439;20;158;764;589;729;270;383;400;224;771;283;540;288;140;235;337;271;574;473
472;108;1002;770;810;490;325;505;157;547;311;777;338;529;350;872;190;213;56;534;330;575;614;688;883;497;478;618;481;796;357;419;728;665;874;727;787;436;385;683;912;388;478;635;344;309;507;362;524;359;785;580;115;0;629;757;848;350;194;451;53;72;161;601;62;914;327;602;779;723;577;814;703;410;643;861;935;612;30;369;391;495;554;133;259;867;683;842;168;494;397;111;879;315;644;302;255;176;342;252;656;478
500;736;556;276;216;139;407;596;506;82;794;426;755;752;681;250;675;625;670;549;754;288;75;229;366;834;150;305;449;393;720;374;101;253;298;445;389;325;275;447;502;331;571;134;724;745;712;631;185;521;255;91;518;629;0;164;287;760;439;497;681;602;524;361;573;501;718;541;255;276;179;310;299;449;249;351;467;61;631;692;503;388;174;504;373;273;527;216;748;309;607;728;496;482;94;529;383;734;730;722;296;825
394;861;408;149;248;285;566;759;650;231;877;329;828;916;745;216;825;716;792;556;829;281;145;354;425;997;292;454;612;502;785;427;92;388;134;579;500;381;377;393;592;407;734;276;884;902;876;689;349;684;334;254;653;757;164;0;125;830;563;660;808;740;671;337;706;368;877;525;116;180;336;390;426;495;390;419;537;150;764;854;552;408;336;641;498;113;675;177;857;472;655;848;596;554;113;601;526;878;889;875;244;988
295;937;292;105;346;398;683;883;753;347;933;272;878;1039;789;285;931;781;878;567;879;312;254;474;520;1116;403;577;736;614;830;479;213;510;34;699;613;439;463;368;695;475;858;401;999;1014;999;731;472;803;442;378;749;848;287;125;0;878;655;784;897;838;775;345;801;268;991;520;77;162;461;495;545;538;513;517;632;262;857;971;594;440;460;740;592;66;799;254;932;596;691;932;704;612;219;657;630;980;1004;985;247;1107
123;76;928;778;973;644;618;843;470;688;85;702;13;879;90;1007;537;163;308;361;22;566;712;903;1093;843;630;871;790;1044;51;404;841;894;911;1006;1037;450;488;580;1167;431;813;823;692;652;856;149;736;691;982;751;408;350;760;830;878;0;394;774;341;420;486;545;388;836;675;437;801;721;788;1025;941;340;874;1073;1169;717;380;719;284;439;763;427;438;920;990;969;226;757;195;299;1141;279;730;232;499;500;689;594;636;823
447;300;823;580;631;302;232;483;136;357;396;604;384;565;347;687;306;231;231;422;380;395;420;528;723;578;290;481;404;657;373;258;537;512;681;613;649;260;193;523;778;210;451;461;427;416;532;327;359;331;618;399;101;194;439;563;655;394;0;398;245;189;163;431;147;737;413;477;587;535;413;654;556;276;491;701;788;419;203;427;283;337;388;100;66;673;600;654;314;364;338;289;750;204;451;222;105;335;428;369;474;561
838;372;1038;757;565;405;169;104;305;443;753;862;763;256;740;656;342;612;507;795;756;659;539;390;550;352;406;270;60;416;762;599;584;350;794;310;408;574;462;826;511;532;75;406;289;335;216;724;312;98;490;407;366;451;497;660;784;774;398;0;490;382;293;724;397;970;292;834;744;738;334;491;360;646;331;528;560;527;429;239;668;669;328;347;387;767;235;643;620;191;735;555;472;595;573;618;301;421;297;347;716;348
463;56;1045;817;863;542;372;537;206;599;290;817;327;546;354;925;198;222;35;560;319;620;665;739;935;502;531;667;524;845;354;459;780;716;923;773;836;479;434;720;960;432;511;687;353;311;527;374;577;395;837;632;168;53;681;808;897;341;245;490;0;110;205;641;114;955;336;631;827;769;629;866;753;444;694;912;985;663;63;385;419;534;606;185;310;917;724;894;135;543;413;64;927;348;695;329;308;162;350;253;700;482
539;135;1012;767;772;464;265;433;103;521;383;791;408;459;413;840;133;275;126;574;400;583;596;640;834;436;453;562;414;739;423;438;703;614;862;664;730;447;379;705;853;397;406;594;281;252;436;420;481;288;740;545;89;72;602;740;838;420;189;382;110;0;97;617;47;925;264;639;772;724;533;765;649;441;592;811;880;592;48;301;430;517;510;99;247;852;614;811;239;438;450;174;819;351;628;347;220;147;279;198;662;417
588;219;970;712;684;388;168;356;27;445;461;757;475;412;464;755;157;329;216;582;468;544;526;546;739;416;379;465;321;642;481;419;626;519;797;568;633;417;331;683;755;366;327;505;264;256;382;459;391;205;646;460;82;161;524;671;775;486;163;293;205;97;0;588;103;886;250;639;714;674;441;670;553;438;496;716;783;521;143;266;440;498;419;69;201;784;522;728;328;341;481;269;722;360;560;368;145;209;266;214;620;399
158;620;405;241;557;344;571;827;562;340;609;176;546;952;455;549;737;475;614;223;549;75;287;585;723;991;337;631;697;750;495;182;390;601;380;782;746;171;269;102;862;222;795;486;848;844;914;396;475;700;615;417;532;601;361;337;345;545;431;724;641;617;588;0;571;315;835;188;270;183;502;670;650;214;591;710;827;300;619;838;264;112;484;531;388;399;838;509;640;579;352;659;854;306;280;343;462;763;851;800;99;977
501;163;968;727;751;434;264;457;96;491;358;746;376;496;374;815;179;236;116;527;369;540;562;626;821;479;423;555;424;734;387;392;673;603;826;666;725;402;340;659;850;353;428;574;324;298;471;377;463;307;724;521;55;62;573;706;801;388;147;397;114;47;103;571;0;881;308;592;734;683;516;752;641;394;581;799;873;559;58;340;383;471;493;72;209;817;625;784;226;432;406;173;818;304;593;300;195;192;323;244;619;460
29;907;92;226;610;565;838;1073;861;531;908;139;840;1216;747;553;1040;786;929;479;844;343;440;718;786;1273;564;806;931;870;785;496;460;749;289;942;868;479;556;256;958;528;1045;632;1138;1141;1176;689;674;967;701;588;838;914;501;368;268;836;737;970;955;925;886;315;881;0;1127;408;253;232;679;756;790;524;748;782;898;453;931;1121;569;425;671;835;686;330;1028;521;953;796;641;974;964;619;410;653;750;1072;1142;1101;266;1261
798;83;1207;940;833;594;311;273;277;646;625;1001;662;218;676;918;138;538;367;828;654;788;737;667;839;171;588;555;349;708;683;669;816;630;1009;599;700;665;572;932;800;615;262;660;17;47;209;684;549;213;770;638;322;327;718;877;991;675;413;292;336;264;250;835;308;1127;0;888;937;907;588;777;647;687;609;816;852;729;297;65;685;748;574;315;448;989;505;898;466;451;713;389;760;604;772;606;377;193;16;90;861;153
14;499;498;416;743;497;668;932;612;506;515;284;442;1036;352;737;770;424;598;77;447;255;468;756;906;1054;487;787;818;922;386;235;578;768;555;940;916;264;376;161;1037;302;900;658;902;886;1001;297;628;791;796;585;567;602;541;525;520;437;477;834;631;639;639;188;592;408;888;0;449;361;663;850;818;200;756;892;1007;480;627;903;212;170;643;572;457;578;980;697;590;717;247;630;1026;288;466;302;542;777;903;835;282;1038
278;862;301;37;363;346;632;846;691;301;857;220;801;997;712;320;870;705;807;493;802;236;206;466;540;1068;350;558;700;617;753;402;207;497;110;690;615;364;394;301;708;402;819;382;945;957;957;654;437;756;450;345;683;779;255;116;77;801;587;744;827;772;714;270;734;253;937;449;0;88;434;506;537;461;498;534;652;217;789;920;517;363;429;675;525;130;781;284;858;561;614;860;712;536;171;580;569;916;950;925;171;1058
229;789;303;58;425;333;610;841;649;299;780;154;721;986;631;395;830;633;747;405;723;158;210;502;601;1047;333;580;699;661;672;328;258;529;196;721;658;295;345;216;760;338;813;410;917;924;946;573;443;739;503;359;635;723;276;180;162;721;535;738;769;724;674;183;683;232;907;361;88;0;451;560;573;382;525;592;711;223;736;896;437;282;441;628;478;218;801;356;791;564;531;798;761;462;182;505;532;869;921;888;85;1035
659;654;735;455;248;168;288;428;430;163;804;596;781;590;722;330;574;634;627;654;778;428;241;116;310;682;179;131;280;266;757;456;253;109;467;280;259;412;318;598;387;395;405;73;591;622;549;682;54;378;208;91;462;577;179;336;461;788;413;334;629;533;441;502;516;679;588;663;434;451;0;241;159;526;93;288;381;227;571;552;573;496;25;444;355;437;350;312;723;144;669;686;369;528;269;570;323;643;598;610;457;676
784;860;787;538;151;386;507;557;663;354;1044;713;1019;721;956;235;790;874;865;856;1016;598;383;127;69;836;400;222;431;130;992;670;302;152;484;249;132;622;545;752;202;616;546;205;777;817;685;912;295;565;57;280;700;814;310;390;495;1025;654;491;866;765;670;670;752;756;777;850;506;560;241;0;131;743;174;47;157;371;806;729;794;694;266;681;596;443;375;250;963;335;895;924;209;758;393;802;562;864;784;816;599;835
799;730;834;565;234;326;387;428;548;312;951;724;933;593;877;329;665;783;756;812;929;576;372;72;193;706;338;93;301;106;911;615;333;51;542;154;100;570;477;742;228;554;416;166;646;687;556;839;207;436;139;234;590;703;299;426;545;941;556;360;753;649;553;650;641;790;647;818;537;573;159;131;0;686;67;169;233;358;692;598;732;653;184;571;504;504;265;330;858;213;828;813;210;685;392;726;457;740;654;688;594;704
193;409;616;438;664;361;478;741;412;390;398;385;340;838;252;684;571;262;414;149;342;225;389;633;806;854;348;638;636;792;292;74;516;635;571;789;786;123;211;277;913;132;709;540;702;687;804;195;482;596;693;465;367;410;449;495;538;340;276;646;444;441;438;214;394;524;687;200;461;382;526;743;686;0;619;789;897;397;433;703;58;102;503;372;262;581;812;644;428;550;161;454;895;97;402;129;348;582;703;636;298;837
745;690;797;522;236;261;333;411;490;252;885;675;866;577;810;329;616;717;695;747;863;516;319;58;242;682;273;68;272;173;844;549;300;22;514;196;167;505;410;685;296;488;394;116;610;648;538;772;139;396;161;174;529;643;249;390;513;874;491;331;694;592;496;591;581;748;609;756;498;525;93;174;67;619;0;219;297;305;633;565;665;589;117;510;438;479;285;322;796;162;761;753;276;618;343;659;394;690;618;644;540;679
811;899;808;568;172;433;552;589;709;399;1091;745;1066;751;1003;245;833;921;912;899;1063;638;424;174;23;869;446;262;468;139;1039;715;334;197;504;267;144;667;591;789;179;662;579;251;815;857;716;959;342;605;96;326;746;861;351;419;517;1073;701;528;912;811;716;710;799;782;816;892;534;592;288;47;169;789;219;0;119;411;852;767;840;737;313;728;643;462;394;266;1011;379;941;970;195;805;431;849;609;908;823;857;636;868
927;925;921;686;289;538;616;603;780;509;1182;864;1162;757;1103;352;886;1014;988;1012;1159;755;540;267;112;882;551;318;504;145;1138;824;453;276;616;260;153;777;695;908;87;768;600;357;848;895;725;1062;433;647;213;433;823;935;467;537;632;1169;788;560;985;880;783;827;873;898;852;1007;652;711;381;157;233;897;297;119;0;528;924;797;947;851;407;804;734;575;382;379;1092;442;1047;1046;123;907;549;950;691;964;857;903;754;884
441;719;514;232;269;136;420;629;501;85;756;369;713;781;636;289;675;589;649;491;713;227;14;289;426;855;143;357;483;454;675;323;124;311;280;501;450;275;240;386;563;287;602;192;737;754;740;584;222;542;315;136;505;612;61;150;262;717;419;527;663;592;521;300;559;453;729;480;217;223;227;371;358;397;305;411;528;0;617;709;453;331;218;493;353;263;578;251;720;346;557;706;557;438;45;485;376;729;742;726;236;845
502;105;1019;782;808;492;310;479;144;549;338;795;367;499;380;872;160;243;79;560;360;591;620;680;875;467;481;605;462;783;387;438;731;656;883;710;774;452;395;703;898;403;453;631;314;279;478;392;519;335;779;578;113;30;631;764;857;380;203;429;63;48;143;619;58;931;297;627;789;736;571;806;692;433;633;852;924;617;0;339;416;516;548;128;266;875;662;842;192;481;426;127;864;340;651;329;252;149;311;222;671;448
840;133;1199;926;794;575;289;209;292;624;674;999;706;162;714;881;188;576;414;848;699;786;718;623;789;153;571;508;298;654;724;679;788;585;987;541;646;670;571;937;742;620;201;624;55;112;147;717;517;173;726;609;345;369;692;854;971;719;427;239;385;301;266;838;340;1121;65;903;920;896;552;729;598;703;565;767;797;709;339;0;706;757;540;335;453;965;443;864;518;411;743;442;702;626;753;632;376;252;64;151;856;140
170;356;661;494;719;409;499;760;414;442;345;430;284;847;195;741;562;221;387;144;286;282;446;682;858;854;397;680;663;838;235;130;573;682;627;829;831;178;255;316;960;179;728;590;700;680;815;137;527;611;745;515;363;391;503;552;594;284;283;668;419;430;440;264;383;569;685;212;517;437;573;794;732;58;665;840;947;453;416;706;0;156;548;371;281;638;845;701;388;586;104;422;941;80;459;91;367;566;700;627;353;837
184;511;517;339;599;328;506;769;472;343;500;286;440;881;350;608;642;363;505;162;442;129;321;594;753;910;318;618;650;757;390;80;442;602;474;771;752;95;208;188;875;139;737;496;762;753;845;291;459;632;641;422;435;495;388;408;440;439;337;669;534;517;498;112;471;425;748;170;363;282;496;694;653;102;589;737;851;331;516;757;156;0;474;437;304;487;810;568;528;546;251;549;862;194;326;231;386;662;764;706;197;894
642;635;729;448;266;146;270;425;408;147;778;583;755;584;697;345;555;609;603;632;752;410;231;141;335;674;157;147;277;290;731;433;256;134;468;299;283;389;294;581;412;371;401;87;578;607;544;657;29;366;232;84;439;554;174;336;460;763;388;328;606;510;419;484;493;671;574;643;429;441;25;266;184;503;117;313;407;218;548;540;548;474;0;421;330;440;361;325;699;138;645;662;393;502;261;544;299;623;584;593;443;667
520;232;920;671;680;365;200;419;46;423;408;702;415;481;399;744;207;266;185;514;409;492;497;555;750;483;355;487;368;665;417;357;605;532;764;603;657;360;284;623;783;309;389;503;330;317;451;391;392;266;652;450;20;133;504;641;740;427;100;347;185;99;69;531;72;835;315;572;675;628;444;681;571;372;510;728;804;493;128;335;371;437;421;0;151;754;569;715;290;364;412;243;751;291;529;299;124;241;331;270;570;466
451;366;770;520;567;236;218;480;175;291;448;556;430;580;381;621;354;280;297;411;426;344;355;471;665;607;224;434;384;607;412;226;471;458;617;572;599;218;133;484;729;167;448;400;460;457;545;352;302;335;558;335;158;259;373;498;592;438;66;387;310;247;201;388;209;686;448;457;525;478;355;596;504;262;438;643;734;353;266;453;281;304;330;151;0;609;572;588;377;323;354;355;703;210;386;239;87;392;463;415;420;591
354;967;346;164;293;398;679;864;763;344;972;337;919;1023;833;224;938;815;900;621;920;357;258;435;463;1107;406;545;716;566;873;517;184;473;42;658;566;475;484;429;641;507;840;371;996;1015;983;775;455;795;392;361;764;867;273;113;66;920;673;767;917;852;784;399;817;330;989;578;130;218;437;443;504;581;479;462;575;263;875;965;638;487;440;754;609;0;764;196;961;577;738;956;652;649;224;695;639;991;1002;989;300;1099
993;549;1081;803;499;494;372;236;531;508;977;945;980;378;947;594;575;827;738;956;974;765;591;329;413;506;501;223;202;257;973;752;585;290;799;128;251;717;606;938;312;685;243;399;498;551;349;923;365;333;401;442;589;683;527;675;799;990;600;235;724;614;522;838;625;1028;505;980;781;801;350;375;265;812;285;394;382;578;662;443;845;810;361;569;572;764;0;596;851;264;926;788;270;780;619;811;496;654;506;573;804;510
549;946;542;320;101;352;592;731;712;297;1006;503;965;895;887;40;873;839;884;723;964;447;257;269;267;993;364;390;586;377;926;572;128;311;238;481;378;524;489;569;445;538;711;239;902;931;856;834;349;690;203;268;729;842;216;177;254;969;654;643;894;811;728;509;784;521;898;697;284;356;312;250;330;644;322;266;379;251;842;864;701;568;325;715;588;196;596;0;963;455;805;943;458;690;243;737;591;937;909;914;419;988
338;6;1044;843;944;613;489;670;322;667;161;813;213;679;265;997;330;168;113;514;205;634;720;837;1033;628;600;776;649;955;253;464;843;818;961;892;946;496;481;704;1073;457;644;774;483;438;661;303;669;526;930;712;270;168;748;857;932;226;314;620;135;239;328;640;226;953;466;590;858;791;723;963;858;428;796;1011;1092;720;192;518;388;528;699;290;377;961;851;963;0;654;350;77;1042;334;746;300;402;281;479;380;714;608
730;529;860;577;383;239;174;287;338;265;758;699;748;447;704;470;454;595;548;692;744;508;358;217;402;539;244;124;139;302;734;489;394;183;605;249;294;453;343;680;419;421;263;216;453;488;406;674;124;239;321;219;383;494;309;472;596;757;364;191;543;438;341;579;432;796;451;717;561;564;144;335;213;550;162;379;442;346;481;411;586;546;138;364;323;577;264;455;654;0;672;605;389;525;391;560;260;529;460;482;554;533
110;271;733;589;823;509;567;821;457;544;268;506;199;893;106;845;582;192;379;170;203;380;550;780;960;885;496;772;737;934;144;234;677;778;725;918;927;282;352;385;1056;279;789;691;729;702;863;50;622;668;847;616;400;397;607;655;691;195;338;735;413;450;481;352;406;641;713;247;614;531;669;895;828;161;761;941;1047;557;426;743;104;251;645;412;354;738;926;805;350;672;0;399;1036;146;563;117;435;571;729;646;446;866
415;13;1064;848;916;590;435;600;268;646;238;835;286;603;326;975;254;208;59;556;277;645;707;797;993;551;578;728;588;906;320;479;826;775;960;836;898;504;472;731;1022;460;575;742;406;360;586;356;633;460;894;684;224;111;728;848;932;299;289;555;64;174;269;659;173;974;389;630;860;798;686;924;813;454;753;970;1046;706;127;442;422;549;662;243;355;956;788;943;77;605;399;0;990;357;736;330;363;204;402;303;725;531
989;819;996;743;359;536;555;501;722;520;1146;914;1133;648;1081;439;809;981;934;1022;1129;780;571;270;202;775;548;270;420;105;1114;825;506;260;693;162;110;780;686;943;42;764;502;369;755;805;618;1045;414;565;263;441;771;879;496;596;704;1141;750;472;927;819;722;854;818;964;760;1026;712;761;369;209;210;895;276;195;123;557;864;702;941;862;393;751;703;652;270;458;1042;389;1036;990;0;892;586;932;648;888;764;819;792;779
245;327;710;517;696;372;426;684;334;412;323;480;275;768;200;728;483;171;317;224;275;304;433;640;824;774;359;627;593;791;238;134;562;636;643;772;784;174;214;374;913;152;652;554;620;600;736;154;478;534;712;480;283;315;482;554;612;279;204;595;348;351;360;306;304;619;604;288;536;462;528;758;685;97;618;805;907;438;340;626;80;194;502;291;210;649;780;690;334;525;146;357;892;0;452;47;293;489;620;548;382;756
407;749;469;187;277;179;464;674;539;130;773;332;727;826;647;283;715;609;679;484;727;211;35;322;443;899;184;398;528;484;687;330;116;347;238;539;481;282;266;359;590;302;647;228;780;796;786;593;267;586;337;178;540;644;94;113;219;730;451;573;695;628;560;280;593;410;772;466;171;182;269;393;392;402;343;431;549;45;651;753;459;326;261;529;386;224;619;243;746;391;563;736;586;452;0;499;415;767;785;767;206;889
226;284;745;560;742;417;451;704;344;458;277;514;228;779;154;775;480;133;296;231;228;347;480;683;868;777;403;665;621;832;192;178;609;677;688;808;825;220;259;404;954;199;672;598;622;599;749;114;520;552;757;524;288;302;529;601;657;232;222;618;329;347;368;343;300;653;606;302;580;505;570;802;726;129;659;849;950;485;329;632;91;231;544;299;239;695;811;737;300;560;117;330;932;47;499;0;319;478;622;544;424;759
537;355;831;569;555;245;132;393;124;302;498;624;490;495;451;620;301;336;304;497;485;411;381;436;631;529;235;379;302;556;479;310;484;416;652;508;548;296;196;562;676;247;361;379;388;392;460;428;270;248;531;326;140;255;383;526;630;499;105;301;308;220;145;462;195;750;377;542;569;532;323;562;457;348;394;609;691;376;252;376;367;386;299;124;87;639;496;591;402;260;435;363;648;293;415;319;0;353;392;356;484;515
619;12;1159;912;889;597;358;438;228;654;442;937;487;410;516;963;79;383;197;709;479;730;734;742;931;347;588;649;469;819;516;584;835;712;1003;727;811;594;525;850;925;544;419;710;209;158;399;534;595;325;845;669;235;176;734;878;980;500;335;421;162;147;209;763;192;1072;193;777;916;869;643;864;740;582;690;908;964;729;149;252;566;662;623;241;392;991;654;937;281;529;571;204;888;489;767;478;353;0;203;103;809;327
812;76;1222;954;843;607;323;272;292;659;638;1016;676;208;691;928;152;553;381;844;668;803;750;675;846;156;602;562;355;713;698;685;828;638;1022;603;705;681;587;947;804;630;264;670;9;50;201;699;560;222;779;649;337;342;730;889;1004;689;428;297;350;279;266;851;323;1142;16;903;950;921;598;784;654;703;618;823;857;742;311;64;700;764;584;331;463;1002;506;909;479;460;729;402;764;620;785;622;392;203;0;100;876;138
716;47;1184;925;857;591;322;348;240;646;540;970;581;307;601;937;65;464;286;772;573;758;732;699;881;249;583;595;400;758;605;626;823;665;1005;657;750;629;545;892;858;578;333;680;106;58;297;613;566;256;803;648;271;252;722;875;985;594;369;347;253;198;214;800;244;1101;90;835;925;888;610;816;688;636;644;857;903;726;222;151;627;706;593;270;415;989;573;914;380;482;646;303;819;548;767;544;356;103;100;0;835;229
