QTD_PONTOS;100
QTD_VENDEDORES;5
122;973;0;698;524;191;467;877;502;396;559;295;331;852;509;939;874;325;612;578;747;986;626;203;817;740;756;848;132;793;123;718;642;296;366;695;1102;753;60;1126;737;669;561;1080;410;885;101;781;750;400;992;758;434;284;578;748;870;618;149;787;617;1037;595;332;517;702;343;814;780;512;155;1007;810;649;708;570;637;261;1040;419;719;596;189;562;922;692;258;149;1045;787;614;538;563;808;681;768;907;210;707;682;569;823
319;303;698;0;598;595;414;264;216;375;166;406;599;899;559;306;301;374;539;171;352;558;255;500;742;617;174;149;629;785;581;267;268;501;333;812;630;655;668;568;257;38;630;644;289;357;644;208;507;701;543;805;362;660;140;293;225;110;692;530;305;354;237;367;544;627;373;313;497;629;550;516;376;126;699;272;187;446;482;352;548;202;586;183;340;823;639;632;387;712;101;540;228;186;38;87;376;693;290;771;292;321
623;818;524;598;0;608;193;602;416;603;443;470;194;364;40;661;890;437;121;428;380;543;360;482;293;225;520;710;393;279;439;414;357;260;454;231;661;231;552;737;801;596;43;624;457;539;568;522;283;186;559;261;267;258;469;832;628;602;394;312;755;803;687;418;54;181;516;878;322;37;422;596;432;478;187;327;686;385;668;607;227;661;339;419;934;239;273;602;769;263;502;64;370;780;561;684;554;342;805;198;706;485
15;815;191;595;608;0;491;814;437;240;489;207;433;963;582;872;721;252;668;515;733;985;595;135;896;800;692;740;257;887;180;684;614;348;280;811;1094;820;131;1092;580;561;649;1081;322;848;90;723;778;531;985;863;431;416;500;585;796;499;311;816;451;948;443;269;585;770;224;652;800;606;189;989;793;579;794;543;494;241;1003;265;763;453;285;500;767;812;384;47;971;864;529;602;520;671;587;651;871;364;543;791;407;788
487;681;467;414;193;491;0;470;223;431;253;314;213;541;153;533;700;273;189;242;288;519;204;356;428;317;367;538;345;441;354;284;211;173;279;422;636;344;474;672;608;408;231;613;273;441;477;378;289;295;525;438;79;288;279;639;483;409;380;327;564;663;495;252;142;297;349;685;315;219;326;545;352;300;344;155;493;250;591;430;273;468;285;231;744;430;280;498;644;395;314;147;188;592;378;500;462;352;613;386;517;380
569;218;877;264;602;814;470;0;380;619;326;610;683;810;571;63;486;568;501;302;233;329;268;698;634;523;122;219;780;696;755;190;260;619;535;768;378;560;861;304;499;301;619;401;492;124;845;97;393;757;308;734;461;757;315;534;53;371;831;399;568;201;501;554;553;552;594;533;365;639;722;267;207;236;630;322;450;617;219;599;456;466;725;318;508;782;746;844;174;612;290;539;316;381;250;283;134;814;541;725;556;135
335;518;502;216;416;437;223;380;0;274;57;231;386;754;376;440;481;187;389;79;319;570;175;318;620;498;258;360;420;647;381;255;196;285;157;643;671;531;482;656;386;199;453;666;118;414;465;287;420;493;565;653;156;445;79;416;368;188;479;453;351;536;277;174;364;492;224;462;427;441;348;561;373;147;552;140;270;242;567;263;437;248;373;64;527;652;423;464;544;587;117;366;96;378;188;299;437;478;391;606;308;356
68;581;396;375;603;240;431;619;274;0;310;146;484;966;567;670;483;168;619;342;593;844;449;204;858;743;502;512;390;870;312;526;470;369;152;832;942;773;347;913;343;338;646;940;166;677;312;536;684;600;838;862;353;506;312;353;591;270;459;720;222;728;204;186;563;727;89;419;696;616;292;830;646;390;773;411;254;240;824;25;690;214;379;331;529;837;474;284;760;825;330;573;371;431;375;419;699;491;311;801;173;623
356;465;559;166;443;489;253;326;57;310;0;284;433;766;402;385;448;242;400;32;289;536;150;373;624;499;204;306;476;656;438;217;170;337;209;665;631;535;538;608;365;156;478;630;167;368;520;234;409;535;528;668;196;495;27;398;312;163;535;440;351;479;275;230;389;499;271;438;411;471;405;519;337;91;564;134;256;299;519;296;434;242;428;28;492;675;475;517;488;592;65;388;83;340;135;252;390;532;378;626;314;312
173;682;295;406;470;207;314;610;231;146;284;0;339;834;436;668;588;47;502;309;530;783;390;94;739;631;488;555;257;744;188;478;410;225;76;695;890;657;262;885;456;375;513;880;120;642;239;517;591;455;782;731;243;360;297;473;594;323;326;628;353;753;313;66;434;609;60;536;609;479;161;783;589;375;647;340;348;94;796;159;585;308;237;294;636;699;329;234;770;706;329;447;314;514;392;473;665;352;434;666;301;582
442;889;331;599;194;433;213;683;386;484;433;339;0;531;184;745;862;321;294;432;493;702;416;321;486;416;577;735;200;464;256;496;423;118;353;378;821;425;362;874;750;585;230;790;373;650;382;590;448;117;713;433;239;77;459;775;694;567;201;482;674;874;617;307;196;374;396;830;482;181;245;741;555;499;377;364;633;245;796;495;405;599;151;418;908;379;81;420;857;457;498;218;387;763;567;684;670;154;741;359;622;590
972;921;852;899;364;963;541;810;754;966;766;834;531;0;399;854;1200;800;366;744;583;592;644;842;179;290;773;979;726;116;787;655;631;621;815;158;680;252;890;810;1131;907;321;626;813;705;912;760;418;453;618;103;619;567;789;1164;852;929;706;413;1103;1003;1031;781;403;272;879;1202;446;358;774;675;604;773;202;635;1021;748;776;968;359;1002;682;740;1239;163;594;951;944;199;815;395;685;1085;861;979;710;645;1143;172;1057;676
596;788;509;559;40;582;153;571;376;567;402;436;184;399;0;630;850;401;112;388;352;531;323;453;315;232;485;673;377;309;417;381;322;233;417;270;649;244;533;718;761;556;80;615;418;512;546;488;271;200;544;295;227;254;428;791;594;561;385;304;715;771;647;382;18;194;480;837;308;71;397;579;408;439;213;289;646;354;646;570;222;621;321;379;894;278;265;578;739;283;462;38;331;741;522;644;529;337;765;236;667;457
588;158;939;306;661;872;533;63;440;670;385;668;745;854;630;0;494;627;557;362;287;339;331;757;676;570;183;230;843;741;816;251;322;682;593;819;367;606;921;271;524;343;676;399;550;151;905;159;440;819;315;782;524;819;372;558;80;415;894;441;604;149;540;614;612;601;650;549;409;698;784;265;251;294;680;385;487;678;194;650;505;507;788;378;510;834;809;902;111;656;344;598;379;397;297;309;152;877;569;777;596;182
98;99;874;301;890;721;700;486;481;483;448;588;862;1200;850;494;0;575;838;463;643;814;556;674;1042;918;450;267;842;1086;775;560;569;751;533;1110;860;955;829;758;142;295;925;887;499;605;795;476;804;972;793;1105;637;912;422;145;433;295;910;825;276;441;280;579;837;928;534;87;791;919;748;752;655;427;999;570;240;661;688;459;848;280;812;471;48;1121;885;766;515;1013;390;835;522;116;339;225;619;927;186;1070;314;589
215;662;325;374;437;252;273;568;187;168;242;47;321;800;401;627;575;0;461;266;483;737;343;131;700;589;445;523;268;707;209;432;363;204;43;664;844;616;297;840;448;345;479;833;85;597;278;474;546;438;735;697;199;351;258;468;554;298;336;582;356;716;307;21;398;569;79;529;563;449;178;737;543;333;610;293;336;86;751;175;542;297;238;251;623;669;321;277;730;666;291;410;268;495;357;445;619;354;431;634;304;537
674;708;612;539;121;668;189;501;389;619;400;502;294;366;112;557;838;461;0;379;271;422;285;535;239;132;434;633;481;258;513;319;277;325;468;276;540;155;632;616;765;544;122;504;459;426;641;429;162;306;437;268;266;366;424;798;532;563;494;193;739;703;666;441;98;108;538;837;200;157;490;475;318;413;164;270;655;430;550;618;110;636;423;374;879;289;375;669;662;206;451;76;319;724;500;621;440;448;777;234;695;377
388;460;578;171;428;515;242;302;79;342;32;309;432;744;388;362;463;266;379;0;257;503;118;396;598;473;180;302;489;633;456;184;139;343;235;647;599;509;559;579;388;168;462;598;195;338;543;208;379;531;496;646;194;497;47;421;292;187;546;409;380;463;304;252;374;475;300;458;380;458;423;488;305;72;542;109;282;317;490;328;407;270;439;16;506;658;479;542;468;566;74;372;59;352;137;258;360;539;403;607;345;281
644;439;747;352;380;733;288;233;319;593;289;530;493;583;352;287;643;483;271;257;0;253;144;601;411;293;196;400;630;468;627;85;123;459;465;534;361;331;745;384;608;374;392;350;433;160;740;178;167;549;252;502;313;570;298;644;271;423;668;182;628;434;552;464;334;319;537;665;148;417;597;260;64;240;398;190;519;502;303;581;225;517;571;264;677;549;566;751;391;386;302;317;223;528;317;418;178;639;635;492;598;106
876;337;986;558;543;985;519;329;570;844;536;783;702;592;531;339;814;737;422;503;253;0;397;852;417;355;384;548;864;493;870;319;376;692;719;611;119;380;990;219;812;588;537;97;686;208;987;350;260;729;28;548;559;778;540;848;383;649;893;233;856;468;782;717;515;403;791;855;222;578;841;88;198;470;469;443;741;750;193;831;320;746;804;513;837;627;781;1001;391;410;536;493;476;706;530;601;196;855;847;573;832;237
505;478;626;255;360;595;204;268;175;449;150;390;416;644;323;331;556;343;285;118;144;397;0;466;489;364;164;351;519;530;504;92;21;354;322;561;501;401;618;502;497;266;386;493;289;259;608;174;262;496;393;550;196;489;163;531;279;300;566;292;498;459;422;325;306;372;394;562;262;394;472;394;200;130;444;57;396;371;415;437;296;387;462;123;595;573;478;616;442;458;178;298;79;441;217;336;282;546;517;520;463;197
143;771;203;500;482;135;356;698;318;204;373;94;321;842;453;757;674;131;535;396;601;852;466;0;766;667;576;649;188;761;107;557;485;222;168;695;962;688;168;966;538;469;524;948;212;723;148;604;643;430;852;741;296;322;388;552;685;416;256;680;425;846;395;144;455;638;140;617;665;484;91;859;663;464;667;413;435;106;878;225;628;394;189;380;721;697;289;150;860;733;421;471;393;605;485;566;745;293;511;672;375;662
909;753;817;742;293;896;428;634;620;858;624;739;486;179;315;676;1042;700;239;598;411;417;489;766;0;125;605;810;686;76;731;487;474;548;707;213;513;89;845;636;984;754;257;461;697;526;860;589;244;446;443;136;505;543;644;1019;678;784;683;235;970;824;896;679;311;131;777;1051;269;306;712;499;427;617;111;490;879;664;598;857;194;864;633;596;1079;229;563;893;764;34;666;295;541;926;704;818;531;627;1001;186;928;499
804;685;740;617;225;800;317;523;498;743;499;631;416;290;232;570;918;589;132;473;293;355;364;667;125;0;484;690;609;174;644;366;349;456;593;260;466;38;762;568;859;629;202;421;580;423;773;470;130;404;376;212;391;482;519;894;563;659;616;134;847;718;772;569;223;49;664;926;163;251;622;426;318;492;116;365;755;562;516;740;70;740;552;471;955;276;496;801;665;95;541;202;416;802;579;694;432;566;876;220;806;389
493;314;756;174;520;692;367;122;258;502;204;488;577;773;485;183;450;445;434;180;196;384;164;576;605;484;0;206;662;658;634;118;163;505;413;709;459;522;739;412;430;205;544;470;371;185;723;35;361;661;369;687;347;649;194;466;118;270;715;378;476;297;403;432;468;504;473;478;344;556;601;344;206;114;581;213;359;496;323;484;414;367;609;196;482;722;635;721;290;578;173;457;198;335;148;226;205;701;464;666;456;147
358;159;848;149;710;740;538;219;360;512;306;555;735;979;673;230;267;523;633;302;400;548;351;649;810;690;206;0;777;863;730;324;357;643;482;910;594;728;817;500;299;180;737;620;438;340;792;223;566;831;527;891;496;799;281;331;166;243;839;582;395;223;343;517;656;708;519;319;547;744;699;486;400;238;785;385;285;595;424;488;620;315;732;317;289;923;780;778;276;784;242;649;350;167;171;96;352;837;346;868;399;331
246;928;132;629;393;257;345;780;420;390;476;257;200;726;377;843;842;268;481;489;630;864;519;188;686;609;662;777;0;663;83;610;533;172;311;570;981;621;164;1013;712;604;429;956;349;775;189;683;622;280;870;630;323;163;498;729;778;564;69;659;608;952;569;267;386;570;315;793;653;381;98;889;694;561;577;463;602;185;929;409;589;563;60;473;890;569;132;233;952;655;536;407;464;762;606;706;797;109;690;555;556;713
902;829;793;785;279;887;441;696;647;870;656;744;464;116;309;741;1086;707;258;633;468;493;530;761;76;174;658;863;663;0;716;539;517;540;718;144;590;136;826;711;1021;794;238;537;713;592;844;644;303;407;518;62;519;512;679;1054;737;819;653;300;997;890;924;687;310;158;785;1090;332;283;700;573;490;659;97;524;912;663;671;871;244;894;614;629;1125;159;535;880;833;86;703;297;574;971;747;864;599;595;1034;126;953;561
187;869;123;581;439;180;354;755;381;312;438;188;256;787;417;816;775;209;513;456;627;870;504;107;731;644;634;730;83;716;0;596;521;188;252;634;985;660;120;1005;642;553;479;965;294;763;129;659;641;351;875;688;314;236;458;657;748;507;149;679;532;916;499;214;423;610;242;721;669;433;33;888;691;527;626;448;536;139;919;331;616;495;106;440;823;634;203;164;923;700;494;442;440;701;562;654;786;192;617;615;481;701
565;408;718;267;414;684;284;190;255;526;217;478;496;655;381;251;560;432;319;184;85;319;92;557;487;366;118;324;610;539;596;0;77;443;409;593;416;404;710;410;523;289;433;414;373;167;700;110;245;568;312;569;287;572;221;559;214;340;655;265;547;389;471;415;364;386;478;580;231;450;564;306;121;157;463;148;436;463;323;512;296;435;553;195;594;606;563;706;362;460;221;350;165;444;232;335;190;633;551;550;518;105
526;474;642;268;357;614;211;260;196;470;170;410;423;631;322;322;569;363;277;139;123;376;21;485;474;349;163;357;533;517;521;77;0;366;343;553;480;387;635;485;513;281;382;472;310;243;627;169;244;500;373;539;210;498;183;548;275;318;579;272;518;454;441;345;305;359;415;578;242;392;489;374;180;143;432;73;415;389;398;459;280;407;476;144;607;566;488;635;433;444;196;294;100;454;231;347;265;557;535;511;483;181
363;802;296;501;260;348;173;619;285;369;337;225;118;621;233;682;751;204;325;343;459;692;354;222;548;456;505;643;172;540;188;443;366;0;235;475;809;474;308;842;636;483;302;786;258;606;316;523;455;234;699;519;158;161;362;659;623;458;212;492;556;800;501;190;237;424;279;716;484;262;165;717;523;414;446;298;519;132;759;378;427;484;112;328;798;478;138;345;793;516;401;255;307;657;472;584;628;197;625;450;504;544
215;619;366;333;454;280;279;535;157;152;209;76;353;815;417;593;533;43;468;235;465;719;322;168;707;593;413;482;311;718;252;409;343;235;0;684;823;621;336;813;408;303;496;815;44;570;315;443;540;469;716;712;202;388;222;429;518;255;378;576;321;678;268;47;412;575;74;489;555;469;221;715;523;299;621;276;294;128;724;153;541;256;280;221;581;690;359;309;694;673;253;422;245;452;317;402;593;394;393;652;269;511
816;945;695;812;231;811;422;768;643;832;665;695;378;158;270;819;1110;664;276;647;534;611;561;695;213;260;709;910;570;144;634;593;553;475;684;0;716;231;734;827;1028;814;191;666;688;678;758;702;384;295;634;84;497;410;690;1059;803;827;548;394;985;968;917;646;280;220;744;1102;420;216;623;685;570;687;144;540;914;606;777;836;317;890;528;640;1152;16;438;797;919;207;720;277;588;997;774;896;688;488;1034;43;937;637
946;241;1102;630;661;1094;636;378;671;942;631;890;821;680;649;367;860;844;540;599;361;119;501;962;513;466;459;594;981;590;985;416;480;809;823;716;0;487;1104;152;876;663;653;57;788;274;1100;424;378;847;111;648;672;897;632;911;429;728;1011;349;934;469;862;825;633;515;894;910;341;695;955;115;301;558;577;551;817;862;179;927;437;826;921;611;878;732;900;1112;386;511;623;612;578;759;607;660;254;974;916;680;915;320
829;714;753;655;231;820;344;560;531;773;535;657;425;252;244;606;955;616;155;509;331;380;401;688;89;38;522;728;621;136;660;404;387;474;621;231;487;0;777;596;896;666;202;440;610;459;790;508;167;402;402;177;420;488;555;930;601;695;625;167;881;755;807;595;238;51;692;963;198;252;640;454;355;530;89;401;790;585;547;770;108;775;565;507;993;247;504;819;700;57;577;219;452;840;617;732;466;572;912;193;839;426
82;928;60;668;552;131;474;861;482;347;538;262;362;890;533;921;829;297;632;559;745;990;618;168;845;762;739;817;164;826;120;710;635;308;336;734;1104;777;0;1120;690;637;590;1085;381;877;41;766;762;442;993;794;432;325;555;700;850;583;199;799;567;1013;549;308;540;726;303;766;789;543;149;1005;808;629;738;562;594;247;1033;371;735;553;213;543;876;733;296;89;1026;814;589;559;550;768;654;734;899;258;658;719;520;815
856;119;1126;568;737;1092;672;304;656;913;608;885;874;810;718;271;758;840;616;579;384;219;502;966;636;568;412;500;1013;711;1005;410;485;842;813;827;152;596;1120;0;795;604;736;206;774;244;1110;378;459;918;194;766;692;951;603;828;346;674;1052;438;871;339;804;824;700;614;879;818;420;773;973;143;320;523;684;558;753;873;89;895;525;770;954;593;770;843;949;1116;255;628;585;680;573;667;552;579;221;1022;839;788;859;305
70;238;737;257;801;580;608;499;386;343;365;456;750;1131;761;524;142;448;765;388;608;812;497;538;984;859;430;299;712;1021;642;523;513;636;408;1028;876;896;690;795;0;235;839;895;378;607;655;462;757;864;796;1033;538;794;342;36;451;202;781;783;136;511;143;454;750;863;400;81;750;827;616;763;634;372;929;497;118;534;715;319;792;152;687;392;187;1037;766;625;573;953;319;750;446;140;291;217;624;802;52;990;173;577
288;325;669;38;596;561;408;301;199;338;156;375;585;907;556;343;295;345;544;168;374;588;266;469;754;629;205;180;604;794;553;289;281;483;303;814;663;666;637;604;235;0;630;676;260;389;612;240;523;690;574;811;350;643;129;270;263;72;668;548;271;391;200;340;542;636;339;297;516;625;522;549;402;138;706;275;153;420;518;315;561;165;563;177;338;825;621;598;425;724;94;540;227;185;58;102;409;672;262;774;255;351
664;830;561;630;43;649;231;619;453;646;478;513;230;321;80;676;925;479;122;462;392;537;386;524;257;202;544;737;429;238;479;433;382;302;496;191;653;202;590;736;839;630;0;613;498;548;607;543;278;202;554;218;307;288;503;869;647;638;426;304;795;821;726;460;89;154;559;914;318;51;462;595;441;508;148;358;724;428;671;649;217;699;377;453;967;199;306;642;783;228;535;90;403;814;593;715;563;372;844;156;747;498
963;295;1080;644;624;1081;613;401;666;940;630;880;790;626;615;399;887;833;504;598;350;97;493;948;461;421;470;620;956;537;965;414;472;786;815;666;57;440;1085;206;895;676;613;0;782;288;1083;436;343;810;103;597;655;865;634;930;454;738;984;311;946;511;872;814;599;470;887;933;308;657;936;135;294;562;529;540;829;846;221;926;397;836;896;608;907;682;870;1097;429;460;628;577;572;782;618;681;271;944;932;631;923;326
234;579;410;289;457;322;273;492;118;166;167;120;373;813;418;550;499;85;459;195;433;686;289;212;697;580;371;438;349;713;294;373;310;258;44;688;788;610;381;774;378;260;498;782;0;532;359;401;518;489;682;710;194;415;179;402;475;215;416;554;303;633;244;82;411;566;106;459;530;475;263;679;489;257;616;247;262;164;684;161;525;227;314;181;547;694;388;352;650;664;209;419;211;413;273;360;554;428;368;654;253;474
675;282;885;357;539;848;441;124;414;677;368;642;650;705;512;151;605;597;426;338;160;208;259;723;526;423;185;340;775;592;763;167;243;606;570;678;274;459;877;244;607;389;548;288;532;0;867;150;294;709;190;635;453;727;365;642;177;454;818;292;660;298;588;580;494;458;637;647;261;576;732;160;108;287;536;315;543;630;156;660;361;552;717;351;630;693;721;872;242;507;352;477;329;497;332;393;23;793;644;636;641;62
60;893;101;644;568;90;477;845;465;312;520;239;382;912;546;905;795;278;641;543;740;987;608;148;860;773;723;792;189;844;129;700;627;316;315;758;1100;790;41;1110;655;612;607;1083;359;867;0;751;765;469;990;815;428;352;536;663;832;555;233;803;531;992;515;291;552;739;275;730;791;561;152;999;802;611;755;554;562;238;1022;336;743;521;231;528;841;757;321;49;1008;829;568;571;538;737;631;707;890;290;622;741;484;806
527;305;781;208;522;723;378;97;287;536;234;517;590;760;488;159;476;474;429;208;178;350;174;604;589;470;35;223;683;644;659;110;169;523;443;702;424;508;766;378;462;240;543;436;401;150;751;0;345;669;335;676;365;663;226;498;106;305;734;359;510;285;438;460;470;493;504;508;324;558;626;309;179;146;571;227;393;521;289;518;401;402;629;223;506;716;651;750;269;563;207;458;220;363;183;255;170;718;497;660;491;115
752;566;750;507;283;778;289;393;420;684;409;591;448;418;271;440;804;546;162;379;167;260;262;643;244;130;361;566;622;303;641;245;244;455;540;384;378;167;762;459;757;523;278;343;518;294;765;345;0;468;276;342;349;522;425;792;435;562;644;38;759;589;683;525;256;164;613;819;39;318;614;317;188;385;242;280;658;537;398;677;68;649;562;381;839;400;528;786;536;219;440;234;328;688;470;579;304;602;779;343;722;259
522;974;400;701;186;531;295;757;493;600;535;455;117;453;200;819;972;438;306;531;549;729;496;430;446;404;661;831;280;407;351;568;500;234;469;295;847;402;442;918;864;690;202;810;489;709;469;669;468;0;743;364;340;117;562;889;775;677;253;498;790;954;732;424;218;356;512;944;506;154;347;779;606;594;335;450;746;361;846;611;413;714;246;518;1019;292;148;512;929;421;600;238;481;871;668;787;726;192;857;287;738;652
862;313;992;543;559;985;525;308;565;838;528;782;713;618;544;315;793;735;437;496;252;28;393;852;443;376;369;527;870;518;875;312;373;699;716;634;111;402;993;194;796;574;554;103;682;190;990;335;276;743;0;572;562;789;531;831;361;636;902;250;844;441;770;716;528;423;787;837;237;594;845;60;193;460;491;442;727;752;165;824;338;734;810;507;816;650;791;1002;364;434;525;507;472;686;516;583;175;865;832;595;821;224
875;885;758;805;261;863;438;734;653;862;668;731;433;103;295;782;1105;697;268;646;502;548;550;741;136;212;687;891;630;62;688;569;539;519;712;84;648;177;794;766;1033;811;218;597;710;635;815;676;342;364;572;0;517;474;691;1065;773;831;615;344;1001;931;930;677;300;184;776;1105;374;257;675;626;530;679;107;537;921;646;722;865;278;901;584;641;1145;97;500;852;877;138;718;292;587;991;767;886;643;555;1043;77;955;600
414;652;434;362;267;431;79;461;156;353;196;243;239;619;227;524;637;199;266;194;313;559;196;296;505;391;347;496;323;519;314;287;210;158;202;497;672;420;432;692;538;350;307;655;194;453;428;365;349;340;562;517;0;305;223;567;465;343;370;386;488;643;420;178;219;374;273;616;369;289;283;574;377;261;422;140;422;192;607;352;342;395;266;180;682;505;289;443;634;472;261;225;151;533;329;448;475;354;540;462;440;390
406;957;284;660;258;416;288;757;445;506;495;360;77;567;254;819;912;351;366;497;570;778;489;322;543;482;649;799;163;512;236;572;498;161;388;410;897;488;325;951;794;643;288;865;415;727;352;663;522;117;789;474;305;0;520;816;766;619;141;556;708;945;656;341;268;439;419;875;557;237;235;817;632;566;432;436;678;268;873;519;476;642;134;483;959;408;33;395;931;515;559;290;456;818;630;744;746;85;781;398;655;666
346;440;578;140;469;500;279;315;79;312;27;297;459;789;428;372;422;258;424;47;298;540;163;388;644;519;194;281;498;679;458;221;183;362;222;690;632;555;555;603;342;129;503;634;179;365;536;226;425;562;531;691;223;520;0;375;297;140;558;455;335;459;258;247;415;521;279;413;425;497;425;519;343;80;587;155;235;319;513;295;454;224;451;50;465;700;500;531;472;612;39;414;104;313;110;225;387;556;357;651;301;312
35;230;748;293;832;585;639;534;416;353;398;473;775;1164;791;558;145;468;798;421;644;848;531;552;1019;894;466;331;729;1054;657;559;548;659;429;1059;911;930;700;828;36;270;869;930;402;642;663;498;792;889;831;1065;567;816;375;0;485;235;798;818;135;540;161;476;780;896;415;67;786;856;632;799;669;407;962;530;146;554;749;329;826;176;706;425;186;1068;788;631;604;987;353;782;480;168;327;251;659;821;42;1021;179;613
519;199;870;225;628;796;483;53;368;591;312;594;694;852;594;80;433;554;532;292;271;383;279;685;678;563;118;166;778;737;748;214;275;623;518;803;429;601;850;346;451;263;647;454;475;177;832;106;435;775;361;773;465;766;297;485;0;335;832;443;526;179;461;542;576;590;573;481;409;664;715;320;253;221;668;330;408;609;265;570;495;427;726;308;454;817;753;827;176;654;267;564;316;329;217;234;187;819;493;760;517;180
228;364;618;110;602;499;409;371;188;270;163;323;567;929;561;415;295;298;563;187;423;649;300;416;784;659;270;243;564;819;507;340;318;458;255;827;728;695;583;674;202;72;638;738;215;454;555;305;562;677;636;831;343;619;140;235;335;0;630;590;208;459;134;297;549;661;281;276;559;628;477;614;458;183;727;295;97;379;587;246;593;98;528;190;342;837;594;538;496;753;122;549;245;199;123;152;475;640;217;788;187;412
270;993;149;692;394;311;380;831;479;459;535;326;201;706;385;894;910;336;494;546;668;893;566;256;683;616;715;839;69;653;149;655;579;212;378;548;1011;625;199;1052;781;668;426;984;416;818;233;734;644;253;902;615;370;141;558;798;832;630;0;680;677;1008;638;334;397;575;384;862;677;376;167;924;732;618;572;510;671;251;970;478;604;631;107;530;958;545;121;280;1004;654;597;418;516;829;667;770;839;61;760;538;625;756
787;552;787;530;312;816;327;399;453;720;440;628;482;413;304;441;825;582;193;409;182;233;292;680;235;134;378;582;659;300;679;265;272;492;576;394;349;167;799;438;783;548;304;311;554;292;803;359;38;498;250;344;386;556;455;818;443;590;680;0;790;590;713;562;289;176;650;843;35;346;652;296;191;411;250;313;687;575;383;712;88;679;599;412;859;410;563;824;533;214;468;267;360;709;494;599;299;636;806;353;754;264
20;364;617;305;755;451;564;568;351;222;351;353;674;1103;715;604;276;356;739;380;628;856;498;425;970;847;476;395;608;997;532;547;518;556;321;985;934;881;567;871;136;271;795;946;303;660;531;510;759;790;844;1001;488;708;335;135;526;208;677;790;0;617;76;367;706;843;294;202;760;775;510;820;666;390;902;483;118;441;787;201;784;112;590;379;320;993;677;497;670;938;326;711;433;260;328;301;680;704;93;950;52;620
532;20;1037;354;803;948;663;201;536;728;479;753;874;1003;771;149;441;716;703;463;434;468;459;846;824;718;297;223;952;890;916;389;454;800;678;968;469;755;1013;339;511;391;821;511;633;298;992;285;589;954;441;931;643;945;459;540;179;459;1008;590;617;0;566;706;753;750;725;513;558;840;884;385;400;391;829;509;507;778;291;705;654;537;901;479;444;982;932;983;84;804;425;740;493;372;362;319;296;996;561;925;622;331
95;379;595;237;687;443;495;501;277;204;275;313;617;1031;647;540;280;307;666;304;552;782;422;395;896;772;403;343;569;924;499;471;441;501;268;917;862;807;549;804;143;200;726;872;244;588;515;438;683;732;770;930;420;656;258;161;461;134;638;713;76;566;0;315;637;769;256;223;683;709;473;748;590;314;829;407;59;394;718;179;708;36;545;303;327;925;627;487;612;863;250;641;357;232;256;247;608;661;125;880;57;546
236;661;332;367;418;269;252;554;174;186;230;66;307;781;382;614;579;21;441;252;464;717;325;144;679;569;432;517;267;687;214;415;345;190;47;646;825;595;308;824;454;340;460;814;82;580;291;460;525;424;716;677;178;341;247;476;542;297;334;562;367;706;315;0;378;548;99;536;543;430;182;719;524;321;590;274;340;82;735;192;521;303;234;236;626;651;312;292;718;646;282;390;251;495;349;441;603;348;440;615;315;520
598;770;517;544;54;585;142;553;364;563;389;434;196;403;18;612;837;398;98;374;334;515;306;455;311;223;468;656;386;310;423;364;305;237;412;280;633;238;540;700;750;542;89;599;411;494;552;470;256;218;528;300;219;268;415;780;576;549;397;289;706;753;637;378;0;187;477;825;292;88;402;562;390;424;213;273;635;354;629;565;208;610;329;366;880;288;277;582;721;279;448;22;316;727;507;630;511;350;755;244;659;439
780;728;702;627;181;770;297;552;492;727;499;609;374;272;194;601;928;569;108;475;319;403;372;638;131;49;504;708;570;158;610;386;359;424;575;220;515;51;726;614;863;636;154;470;566;458;739;493;164;356;423;184;374;439;521;896;590;661;575;176;843;750;769;548;187;0;645;932;201;204;589;471;351;501;79;366;755;535;559;725;97;738;515;472;967;235;454;769;700;98;545;168;417;813;589;706;468;523;877;178;799;419
142;631;343;373;516;224;349;594;224;89;271;60;396;879;480;650;534;79;538;300;537;791;394;140;777;664;473;519;315;785;242;478;415;279;74;744;894;692;303;879;400;339;559;887;106;637;275;504;613;512;787;776;273;419;279;415;573;281;384;650;294;725;256;99;477;645;0;479;628;528;217;784;594;359;688;349;295;152;789;100;614;254;297;286;581;749;388;259;747;743;306;488;316;466;364;433;660;411;376;714;241;579
39;163;814;313;878;652;685;533;462;419;438;536;830;1202;837;549;87;529;837;458;665;855;562;617;1051;926;478;319;793;1090;721;580;578;716;489;1102;910;963;766;818;81;297;914;933;459;647;730;508;819;944;837;1105;616;875;413;67;481;276;862;843;202;513;223;536;825;932;479;0;810;904;696;800;685;435;1000;567;198;615;743;396;858;233;768;464;122;1112;847;698;583;1021;387;825;517;152;349;254;662;883;109;1064;246;624
762;528;780;497;322;800;315;365;427;696;411;609;482;446;308;409;791;563;200;380;148;222;262;665;269;163;344;547;653;332;669;231;242;484;555;420;341;198;789;420;750;516;318;308;530;261;791;324;39;506;237;374;369;557;425;786;409;559;677;35;760;558;683;543;292;201;628;810;0;357;641;277;158;379;277;287;656;560;360;688;106;649;593;384;824;436;562;811;502;247;437;271;333;675;461;565;269;636;775;379;725;231
620;855;512;629;37;606;219;639;441;616;471;479;181;358;71;698;919;449;157;458;417;578;394;484;306;251;556;744;381;283;433;450;392;262;469;216;695;252;543;773;827;625;51;657;475;576;561;558;318;154;594;257;289;237;497;856;664;628;376;346;775;840;709;430;88;204;528;904;357;0;418;632;470;510;197;360;710;391;705;621;259;684;331;448;963;221;256;597;806;278;531;100;401;810;592;715;592;322;829;188;726;522
202;840;155;550;422;189;326;722;348;292;405;161;245;774;397;784;748;178;490;423;597;841;472;91;712;622;601;699;98;700;33;564;489;165;221;623;955;640;149;973;616;522;462;936;263;732;152;626;614;347;845;675;283;235;425;632;715;477;167;652;510;884;473;182;402;589;217;696;641;418;0;857;660;494;608;416;508;106;887;310;591;468;101;407;796;624;202;180;890;680;461;421;408;672;530;623;754;202;593;603;458;669
833;260;1007;516;596;989;545;267;561;830;519;783;741;675;579;265;752;737;475;488;260;88;394;859;499;426;344;486;889;573;888;306;374;717;715;685;115;454;1005;143;763;549;595;135;679;160;999;309;317;779;60;626;574;817;519;799;320;614;924;296;820;385;748;719;562;471;784;800;277;632;857;0;197;444;542;446;702;761;104;814;382;712;830;500;773;701;817;1009;306;489;509;541;470;649;492;548;140;891;802;646;800;207
685;390;810;376;432;793;352;207;373;646;337;589;555;604;408;251;655;543;318;305;64;198;200;663;427;318;206;400;694;490;691;121;180;523;523;570;301;355;808;320;634;402;441;294;489;108;802;179;188;606;193;530;377;632;343;669;253;458;732;191;666;400;590;524;390;351;594;685;158;470;660;197;0;276;429;250;553;564;241;632;254;554;635;315;685;585;629;812;349;405;341;372;279;542;344;433;122;702;665;528;638;73
409;391;649;126;478;579;300;236;147;390;91;375;499;773;439;294;427;333;413;72;240;470;130;464;617;492;114;238;561;659;527;157;143;414;299;687;558;530;629;523;372;138;508;562;257;287;611;146;385;594;460;679;261;566;80;407;221;183;618;411;390;391;314;321;424;501;359;435;379;510;494;444;276;0;573;150;279;388;434;373;424;278;511;88;466;699;549;608;397;587;66;418;113;312;88;208;309;610;396;646;362;237
809;801;708;699;187;794;344;630;552;773;564;647;377;202;213;680;999;610;164;542;398;469;444;667;111;116;581;785;577;97;626;463;432;446;621;144;577;89;738;684;929;706;148;529;616;536;755;571;242;335;491;107;422;432;587;962;668;727;572;250;902;829;829;590;213;79;688;1000;277;197;608;542;429;573;0;433;819;567;633;773;175;800;525;537;1039;160;453;788;778;86;613;200;483;885;660;779;545;516;941;104;857;498
475;526;570;272;327;543;155;322;140;411;134;340;364;635;289;385;570;293;270;109;190;443;57;413;490;365;213;385;463;524;448;148;73;298;276;540;551;401;562;558;497;275;358;540;247;315;554;227;280;450;442;537;140;436;155;530;330;295;510;313;483;509;407;274;273;366;349;567;287;360;416;446;250;150;433;0;389;316;471;401;301;375;406;106;611;551;424;563;496;458;181;268;51;457;235;357;338;492;512;500;444;253
135;336;637;187;686;494;493;450;270;254;256;348;633;1021;646;487;240;336;655;282;519;741;396;435;879;755;359;285;602;912;536;436;415;519;294;914;817;790;594;753;118;153;724;829;262;543;562;393;658;746;727;921;422;678;235;146;408;97;671;687;118;507;59;340;635;755;295;198;656;710;508;702;553;279;819;389;0;422;668;229;689;41;574;283;288;923;650;537;556;847;219;636;338;177;211;189;562;688;122;876;114;504
245;743;261;446;385;241;250;617;242;240;299;94;245;748;354;678;661;86;430;317;502;750;371;106;664;562;496;595;185;663;139;463;389;132;128;606;862;585;247;873;534;420;428;846;164;630;238;521;537;361;752;646;192;268;319;554;609;379;251;575;441;778;394;82;354;535;152;615;560;391;106;761;564;388;567;316;422;0;786;252;522;383;152;301;708;609;237;251;785;631;356;369;304;578;425;522;653;267;517;579;388;569
782;169;1040;482;668;1003;591;219;567;824;519;796;796;776;646;194;688;751;550;490;303;193;415;878;598;516;323;424;929;671;919;323;398;759;724;777;179;547;1033;89;715;518;671;221;684;156;1022;289;398;846;165;722;607;873;513;749;265;587;970;383;787;291;718;735;629;559;789;743;360;705;887;104;241;434;633;471;668;786;0;806;466;683;871;504;703;793;870;1027;209;586;496;610;485;591;465;499;133;942;758;736;773;218
75;557;419;352;607;265;430;599;263;25;296;159;495;968;570;650;459;175;618;328;581;831;437;225;857;740;484;488;409;871;331;512;459;378;153;836;927;770;371;895;319;315;649;926;161;660;336;518;677;611;824;865;352;519;295;329;570;246;478;712;201;705;179;192;565;725;100;396;688;621;310;814;632;373;773;401;229;252;806;0;685;189;395;318;505;842;488;308;738;823;311;574;359;406;354;395;682;508;288;805;151;607
756;634;719;548;227;763;273;456;437;690;434;585;405;359;222;505;848;542;110;407;225;320;296;628;194;70;414;620;589;244;616;296;280;427;541;317;437;108;735;525;792;561;217;397;525;361;743;401;68;413;338;278;342;476;454;826;495;593;604;88;784;654;708;521;208;97;614;858;106;259;591;382;254;424;175;301;689;522;466;685;0;676;530;406;885;332;486;767;603;165;473;187;352;732;510;624;371;558;810;275;744;323
131;377;596;202;661;453;468;466;248;214;242;308;599;1002;621;507;280;297;636;270;517;746;387;394;864;740;367;315;563;894;495;435;407;484;256;890;826;775;553;770;152;165;699;836;227;552;521;402;649;714;734;901;395;642;224;176;427;98;631;679;112;537;36;303;610;738;254;233;649;684;468;712;554;278;800;375;41;383;683;189;676;0;535;269;328;899;614;496;581;832;214;613;324;217;220;218;572;651;145;853;90;510
291;888;189;586;339;285;285;725;373;379;428;237;151;682;321;788;812;238;423;439;571;804;462;189;633;552;609;732;60;614;106;553;476;112;280;528;921;565;213;954;687;563;377;896;314;717;231;629;562;246;810;584;266;134;451;706;726;528;107;599;590;901;545;234;329;515;297;768;593;331;101;830;635;511;525;406;574;152;871;395;530;535;0;423;860;528;101;269;898;602;490;349;410;727;561;665;739;115;669;510;538;655
382;475;562;183;419;500;231;318;64;331;28;294;418;740;379;378;471;251;374;16;264;513;123;380;596;471;196;317;473;629;440;195;144;328;221;640;611;507;543;593;392;177;453;608;181;351;528;223;381;518;507;641;180;483;50;425;308;190;530;412;379;479;303;236;366;472;286;464;384;448;407;500;315;88;537;106;283;301;504;318;406;269;423;0;515;650;464;527;484;564;83;364;55;362;149;270;374;523;405;600;341;294
89;52;922;340;934;767;744;508;527;529;492;636;908;1239;894;510;48;623;879;506;677;837;595;721;1079;955;482;289;890;1125;823;594;607;798;581;1152;878;993;876;770;187;338;967;907;547;630;841;506;839;1019;816;1145;682;959;465;186;454;342;958;859;320;444;327;626;880;967;581;122;824;963;796;773;685;466;1039;611;288;708;703;505;885;328;860;515;0;1163;933;812;522;1050;432;877;565;154;379;261;641;975;228;1111;359;618
814;961;692;823;239;812;430;782;652;837;675;699;379;163;278;834;1121;669;289;658;549;627;573;697;229;276;722;923;569;159;634;606;566;478;690;16;732;247;733;843;1037;825;199;682;694;693;757;716;400;292;650;97;505;408;700;1068;817;837;545;410;993;982;925;651;288;235;749;1112;436;221;624;701;585;699;160;551;923;609;793;842;332;899;528;650;1163;0;437;797;934;223;731;287;598;1008;786;907;703;484;1043;57;945;652
378;939;258;639;273;384;280;746;423;474;475;329;81;594;265;809;885;321;375;479;566;781;478;289;563;496;635;780;132;535;203;563;488;138;359;438;900;504;296;949;766;621;306;870;388;721;321;651;528;148;791;500;289;33;500;788;753;594;121;563;677;932;627;312;277;454;388;847;562;256;202;817;629;549;453;424;650;237;870;488;486;614;101;464;933;437;0;363;920;534;539;299;440;793;610;722;741;74;752;424;625;660
23;861;149;632;602;47;498;844;464;284;517;234;420;951;578;902;766;277;669;542;751;1001;616;150;893;801;721;778;233;880;164;706;635;345;309;797;1112;819;89;1116;625;598;642;1097;352;872;49;750;786;512;1002;852;443;395;531;631;827;538;280;824;497;983;487;292;582;769;259;698;811;597;180;1009;812;608;788;563;537;251;1027;308;767;496;269;527;812;797;363;0;1003;861;561;600;543;713;622;690;895;336;589;779;453;811
611;49;1045;387;769;971;644;174;544;760;488;770;857;944;739;111;515;730;662;468;391;391;442;860;764;665;290;276;952;833;923;362;433;793;694;919;386;700;1026;255;573;425;783;429;650;242;1008;269;536;929;364;877;634;931;472;604;176;496;1004;533;670;84;612;718;721;700;747;583;502;806;890;306;349;397;778;496;556;785;209;738;603;581;898;484;522;934;920;1003;0;747;442;706;488;437;386;369;234;988;621;877;669;285
876;747;787;712;263;864;395;612;587;825;592;706;457;199;283;656;1013;666;206;566;386;410;458;733;34;95;578;784;655;86;700;460;444;516;673;207;511;57;814;628;953;724;228;460;664;507;829;563;219;421;434;138;472;515;612;987;654;753;654;214;938;804;863;646;279;98;743;1021;247;278;680;489;405;587;86;458;847;631;586;823;165;832;602;564;1050;223;534;861;747;0;635;262;509;897;674;789;513;599;969;175;895;477
344;401;614;101;502;529;314;290;117;330;65;329;498;815;462;344;390;291;451;74;302;536;178;421;666;541;173;242;536;703;494;221;196;401;253;720;623;577;589;585;319;94;535;628;209;352;568;207;440;600;525;718;261;559;39;353;267;122;597;468;326;425;250;282;448;545;306;387;437;531;461;509;341;66;613;181;219;356;496;311;473;214;490;83;432;731;539;561;442;635;0;445;133;279;71;187;373;595;339;680;297;303
614;755;538;540;64;602;147;539;366;573;388;447;218;395;38;598;835;410;76;372;317;493;298;471;295;202;457;649;407;297;442;350;294;255;422;277;612;219;559;680;750;540;90;577;419;477;571;458;234;238;507;292;225;290;414;782;564;549;418;267;711;740;641;390;22;168;488;825;271;100;421;541;372;418;200;268;636;369;610;574;187;613;349;364;877;287;299;600;706;262;445;0;313;724;502;625;493;372;757;240;664;423
430;502;563;228;370;520;188;316;96;371;83;314;387;685;331;379;522;268;319;59;223;476;79;393;541;416;198;350;464;574;440;165;100;307;245;588;578;452;550;573;446;227;403;572;211;329;538;220;328;481;472;587;151;456;104;480;316;245;516;360;433;493;357;251;316;417;316;517;333;401;408;470;279;113;483;51;338;304;485;359;352;324;410;55;565;598;440;543;488;509;133;313;0;411;191;314;352;504;461;548;394;269
191;168;808;186;780;671;592;381;378;431;340;514;763;1085;741;397;116;495;724;352;528;706;441;605;926;802;335;167;762;971;701;444;454;657;452;997;759;840;768;667;140;185;814;782;413;497;737;363;688;871;686;991;533;818;313;168;329;199;829;709;260;372;232;495;727;813;466;152;675;810;672;649;542;312;885;457;177;578;591;406;732;217;727;362;154;1008;793;713;437;897;279;724;411;0;224;110;512;840;191;957;281;477
346;330;681;38;561;587;378;250;188;375;135;392;567;861;522;297;339;357;500;137;317;530;217;485;704;579;148;171;606;747;562;232;231;472;317;774;607;617;654;552;291;58;593;618;273;332;631;183;470;668;516;767;329;630;110;327;217;123;667;494;328;362;256;349;507;589;364;349;461;592;530;492;344;88;660;235;211;425;465;354;510;220;561;149;379;786;610;622;386;674;71;502;191;224;0;123;352;666;320;733;309;293
286;223;768;87;684;651;500;283;299;419;252;473;684;979;644;309;225;445;621;258;418;601;336;566;818;694;226;96;706;864;654;335;347;584;402;896;660;732;734;579;217;102;715;681;360;393;707;255;579;787;583;886;448;744;225;251;234;152;770;599;301;319;247;441;630;706;433;254;565;715;623;548;433;208;779;357;189;522;499;395;624;218;665;270;261;907;722;690;369;789;187;625;314;110;123;0;409;774;260;855;303;370
693;268;907;376;554;871;462;134;437;699;390;665;670;710;529;152;619;619;440;360;178;196;282;745;531;432;205;352;797;599;786;190;265;628;593;688;254;466;899;221;624;409;563;271;554;23;890;170;304;726;175;643;475;746;387;659;187;475;839;299;680;296;608;603;511;468;660;662;269;592;754;140;122;309;545;338;562;653;133;682;371;572;739;374;641;703;741;895;234;513;373;493;352;512;352;409;0;813;662;646;661;85
331;996;210;693;342;364;352;814;478;491;532;352;154;645;337;877;927;354;448;539;639;855;546;293;627;566;701;837;109;595;192;633;557;197;394;488;974;572;258;1022;802;672;372;944;428;793;290;718;602;192;865;555;354;85;556;821;819;640;61;636;704;996;661;348;350;523;411;883;636;322;202;891;702;610;516;492;688;267;942;508;558;651;115;523;975;484;74;336;988;599;595;372;504;840;666;774;813;0;784;479;652;731
31;272;707;290;805;543;613;541;391;311;378;434;741;1143;765;569;186;431;777;403;635;847;517;511;1001;876;464;346;690;1034;617;551;535;625;393;1034;916;912;658;839;52;262;844;932;368;644;622;497;779;857;832;1043;540;781;357;42;493;217;760;806;93;561;125;440;755;877;376;109;775;829;593;802;665;396;941;512;122;517;758;288;810;145;669;405;228;1043;752;589;621;969;339;757;461;191;320;260;662;784;0;997;138;611
801;905;682;771;198;791;386;725;606;801;626;666;359;172;236;777;1070;634;234;607;492;573;520;672;186;220;666;868;555;126;615;550;511;450;652;43;680;193;719;788;990;774;156;631;654;636;741;660;343;287;595;77;462;398;651;1021;760;788;538;353;950;925;880;615;244;178;714;1064;379;188;603;646;528;646;104;500;876;579;736;805;275;853;510;600;1111;57;424;779;877;175;680;240;548;957;733;855;646;479;997;0;903;594
