QTD_PONTOS;100
QTD_VENDEDORES;5
937;873;0;711;1002;740;847;407;529;1011;838;867;595;285;863;885;783;481;779;593;553;932;838;981;367;1152;698;850;741;792;357;813;304;709;120;611;799;604;350;315;495;876;374;841;744;502;800;805;1036;537;382;170;1063;425;34;715;322;539;773;1045;213;646;996;245;1012;1035;601;482;194;358;1059;867;679;1094;632;872;406;523;531;409;353;595;1074;862;1034;758;364;169;544;847;360;190;835;735;959;717;798;769;715;657;780;744
574;262;711;0;602;813;788;692;624;383;850;501;213;585;153;343;460;324;337;706;172;237;318;338;422;506;734;865;48;548;458;104;493;456;749;732;97;122;396;447;718;345;442;207;607;303;359;220;429;265;593;595;423;411;709;609;681;531;473;363;562;149;538;468;345;417;405;374;604;557;487;724;119;505;435;245;323;244;192;303;432;682;498;787;405;705;411;588;687;136;436;528;234;152;350;363;774;236;330;738;74;52
14;483;1002;602;0;539;408;704;548;353;496;136;792;734;592;271;220;548;278;557;591;703;905;388;641;411;488;505;560;229;645;610;698;294;963;567;637;578;677;897;655;264;933;768;322;847;957;805;313;518;657;833;380;927;980;354;761;486;229;480;972;742;86;839;436;334;402;527;815;661;253;309;502;287;370;393;790;551;604;734;655;534;261;393;356;399;649;833;584;592;917;830;381;451;331;964;438;833;932;530;623;556
206;987;740;813;539;0;155;334;237;805;102;471;899;471;901;657;430;530;552;152;682;1020;1117;814;518;912;79;112;797;346;490;884;514;384;647;130;897;711;577;822;247;644;887;1020;244;889;1134;1027;788;566;373;592;851;911;707;224;419;299;409;916;829;889;598;714;867;803;408;473;559;413;755;240;698;796;380;749;778;600;677;721;522;160;768;175;819;144;535;599;199;890;866;648;712;695;758;1096;107;1029;1072;90;874;796
90;884;847;788;408;155;0;453;319;710;88;368;908;566;852;572;352;550;486;261;684;973;1103;727;571;803;153;98;764;258;551;845;586;333;766;251;862;702;628;880;372;560;940;991;181;916;1131;1008;686;569;466;688;751;955;816;184;535;340;333;829;907;886;477;782;781;703;398;498;657;497;643;99;669;682;360;679;816;607;683;755;578;254;654;20;722;97;587;693;308;844;919;729;647;653;669;1105;53;1017;1077;201;841;762
538;953;407;692;704;334;453;0;158;842;433;585;700;161;821;691;507;368;569;192;525;927;947;831;285;975;300;445;696;475;247;787;239;430;314;207;788;571;335;540;88;678;611;885;395;656;942;874;847;430;99;271;895;645;374;361;85;226;490;922;520;713;728;425;877;854;361;322;236;141;843;493;600;883;368;735;535;448;510;489;280;201;857;470;863;375;301;279;146;807;590;343;694;629;788;884;401;860;867;255;764;697
408;864;529;624;548;237;319;158;0;713;321;433;680;247;736;559;359;314;439;90;474;850;911;708;283;841;176;335;618;319;253;709;278;285;454;118;717;511;342;586;115;547;651;828;237;660;919;827;712;362;147;369;765;675;499;204;227;97;341;804;596;678;576;479;757;722;242;257;339;181;701;343;518;742;235;621;545;391;465;489;286;76;715;333;732;230;301;374;62;723;630;416;580;533;661;874;271;823;852;146;693;619
199;182;1011;383;353;805;710;842;713;0;795;342;596;802;297;154;376;536;274;763;475;382;622;50;655;141;735;807;335;460;678;336;729;435;1014;782;367;434;662;803;828;167;812;479;561;684;689;529;53;475;761;861;54;787;999;583;869;622;397;127;907;530;267;790;85;35;481;552;856;744;127;617;346;128;479;146;678;489;496;639;669;736;131;700;24;664;654;857;768;304;803;821;177;283;54;722;723;569;689;763;364;331
105;971;838;850;496;102;88;433;321;795;0;453;956;564;923;654;430;591;561;245;734;1044;1161;810;595;890;146;16;829;337;569;913;598;401;747;227;929;757;653;903;347;641;965;1055;249;955;1185;1068;771;618;465;686;837;985;805;242;518;366;410;912;918;939;565;798;863;788;450;535;654;502;730;188;732;770;416;757;849;654;731;790;600;247;742;104;806;145;611;692;294;914;944;737;723;721;752;1153;76;1075;1127;181;906;828
145;520;867;501;136;471;368;585;433;342;453;0;676;602;520;211;85;412;164;457;466;638;814;361;505;441;407;465;463;127;510;527;563;161;832;471;551;459;541;764;545;200;802;684;231;723;859;714;319;385;529;699;384;798;845;258;636;362;96;463;836;632;143;703;414;336;267;390;681;530;285;275;391;326;236;328;660;420;477;602;519;432;298;358;354;328;513;698;476;516;786;694;304;349;302;857;383;736;826;442;533;460
784;298;595;213;792;899;908;700;680;596;956;676;0;559;335;547;620;369;515;768;225;360;254;550;415;717;823;972;261;696;453;282;466;594;663;796;255;219;366;289;750;547;259;251;731;106;243;210;642;339;602;524;635;216;602;724;663;600;628;567;408;70;736;356;554;630;510;426;544;558;699;862;290;717;549;458;192;302;225;216;419;749;710;912;618;816;399;515;738;321;260;439;443;347;562;197;884;176;173;814;246;265
654;842;285;585;734;471;566;161;247;802;564;602;559;0;727;659;518;277;542;319;413;823;811;782;164;941;421;577;599;515;130;686;95;441;229;342;683;463;197;380;239;648;451;765;461;505;800;747;816;342;100;123;855;487;256;431;104;256;506;862;363;582;739;265;821;820;342;250;92;75;826;583;512;864;366;677;384;348;395;344;153;317;841;580;824;475;175;128;272;712;430;183;636;553;748;736;518;728;721;384;659;601
492;133;863;153;592;901;852;821;736;297;923;520;335;727;0;322;503;456;369;810;319;121;326;247;564;394;823;938;129;598;598;54;637;522;900;836;81;267;543;595;838;329;584;183;675;437;392;232;350;392;725;745;322;548;861;683;818;639;521;236;712;266;515;621;233;332;500;500;752;692;419;775;221;425;522;199;473;380;340;456;575;785;426;848;314;779;554;738;798;17;581;680;216;206;283;430;847;273;397;834;90;127
238;331;885;343;271;657;572;691;559;154;654;211;547;659;322;0;227;404;121;609;379;435;636;157;521;285;585;667;297;317;540;340;593;282;878;629;368;349;535;708;674;13;729;498;413;618;691;536;158;349;612;728;206;712;870;433;721;468;248;259;802;490;198;678;210;164;330;412;720;598;176;484;262;209;325;123;588;371;397;540;535;583;190;564;173;518;522;725;614;321;717;697;112;201;103;705;580;567;672;611;355;294
221;557;783;460;220;430;352;507;359;376;430;85;620;518;503;227;0;332;134;394;402;624;777;384;422;491;360;444;428;95;426;501;478;79;748;411;522;401;459;687;473;214;728;655;187;658;816;679;363;311;448;614;423;727;761;207;555;282;21;486;755;581;222;622;437;376;182;307;597;447;343;272;344;385;152;327;587;348;410;528;435;368;357;346;391;292;430;614;407;496;711;610;295;313;328;807;355;696;776;388;502;426
552;585;481;324;548;530;550;368;314;536;591;412;369;277;456;404;332;0;300;401;161;559;597;511;120;676;455;606;329;377;147;419;195;274;479;429;420;203;134;357;398;395;404;521;382;366;606;515;557;66;270;325;589;411;466;368;363;231;330;587;424;364;527;291;548;557;165;57;321;236;578;519;237;613;207;404;270;80;151;209;134;381;593;556;559;455;118;322;374;441;386;294;364;277;483;566;520;509;542;445;396;330
289;441;779;337;278;552;486;569;439;274;561;164;515;542;369;121;134;300;0;492;314;489;651;270;412;406;478;575;300;229;428;369;481;169;764;514;391;299;434;630;554;109;661;524;314;569;695;552;278;255;492;618;326;651;762;328;601;347;153;369;715;469;235;586;320;285;209;299;607;479;284;407;227;322;205;197;517;284;328;463;426;466;299;480;294;420;415;615;495;362;646;594;162;185;221;693;485;572;662;499;372;298
347;930;593;706;557;152;261;192;90;763;245;457;768;319;810;609;394;401;492;0;560;926;997;762;372;884;108;258;696;333;342;787;363;327;506;28;796;595;431;673;112;596;739;911;235;750;1008;912;755;446;221;441;813;764;561;203;275;174;374;861;677;765;598;563;813;767;310;344;409;261;736;309;596;778;294;682;635;477;552;579;375;26;750;278;780;188;390;448;48;798;718;496;642;605;711;964;209;909;941;65;772;696
603;432;553;172;591;682;684;525;474;475;734;466;225;413;319;379;402;161;314;560;0;410;437;439;250;613;605;749;191;473;286;275;320;370;582;588;270;52;225;330;559;374;350;361;506;257;452;354;509;117;426;426;524;337;547;499;509;387;408;494;432;206;548;319;463;504;285;217;433;388;550;637;130;578;324;330;209;83;22;164;260;539;563;687;499;593;238;420;535;303;338;365;299;192;428;421;660;349;394;600;246;194
548;26;932;237;703;1020;973;927;850;382;1044;638;360;823;121;435;624;559;489;926;410;0;259;335;659;450;942;1058;232;718;695;141;730;643;980;952;140;360;632;643;949;443;619;129;795;466;336;187;436;497;829;828;394;576;933;804;918;754;641;288;763;295;623;687;305;416;617;607;839;794;509;896;332;507;641;312;529;480;429;524;670;902;513;968;394;899;648;820;912;130;620;756;334;325;381;395;967;238;365;952;164;231
806;45;838;318;905;1117;1103;947;911;622;1161;814;254;811;326;636;777;597;651;997;437;259;0;573;662;706;1039;1177;351;866;700;297;717;773;914;1025;268;406;616;524;990;641;475;144;922;336;80;100;675;552;848;778;643;425;849;921;915;824;791;543;638;234;833;606;552;657;712;653;798;805;745;1042;436;750;746;518;444;520;446;470;667;976;752;1103;638;1017;646;768;971;322;484;692;525;466;608;160;1086;88;141;1037;282;354
248;174;981;338;388;814;727;831;708;50;810;361;550;782;247;157;384;511;270;762;439;335;573;0;631;174;742;823;290;473;656;287;706;437;990;783;318;395;634;764;822;170;771;429;571;639;640;479;103;449;747;835;86;744;971;590;853;614;405;102;871;483;303;757;53;85;471;532;832;727;174;636;309;177;473;110;639;459;460;602;645;736;180;718;68;676;628;831;765;254;763;791;147;248;59;673;737;520;640;767;315;286
624;681;367;422;641;518;571;285;283;655;595;505;415;164;564;521;422;120;412;372;250;659;662;631;0;796;450;610;435;447;38;523;75;352;359;400;519;300;59;309;336;512;371;605;425;380;658;591;675;184;187;207;709;393;350;403;260;232;415;707;346;429;630;214;668;676;240;116;201;144;694;560;350;730;277;524;263;185;232;210;14;359;709;581;678;475;18;204;335;548;350;189;484;395;602;603;532;576;584;428;496;437
101;81;1152;506;411;912;803;975;841;141;890;441;717;941;394;285;491;676;406;884;613;450;706;174;796;0;846;901;460;566;819;442;870;558;1155;902;473;569;803;938;956;297;944;565;670;809;779;620;129;616;897;1002;89;916;1140;695;1006;752;512;163;1045;648;330;930;163;122;615;692;997;881;161;706;483;124;609;283;813;629;634;776;810;858;151;790;118;769;794;998;894;405;936;962;317;421;194;823;823;665;791;878;474;456
240;916;698;734;488;79;153;300;176;735;146;407;823;421;823;585;360;455;478;108;605;942;1039;742;450;846;0;160;718;281;424;806;453;308;613;98;819;633;509;757;219;572;821;941;177;816;1057;949;721;488;321;543;782;842;667;152;383;225;338;843;772;811;540;653;794;735;330;398;512;356;692;211;619;733;301;674;707;523;600;649;455;104;705;171;750;93;467;549;155;812;800;592;636;617;687;1020;101;951;996;49;796;718
94;982;850;865;505;112;98;445;335;807;16;465;972;577;938;667;444;606;575;258;749;1058;1177;823;610;901;160;0;844;350;584;928;613;415;758;239;944;772;668;917;358;654;980;1071;263;971;1200;1084;783;633;478;700;848;1000;817;257;530;381;424;925;932;955;575;813;876;800;466;551;667;515;741;197;747;780;431;771;864;670;747;805;615;261;752;113;819;160;626;706;306;929;959;751;737;736;764;1169;91;1090;1143;194;921;843
526;257;741;48;560;797;764;696;618;335;829;463;261;599;129;297;428;329;300;696;191;232;351;290;435;460;718;844;0;518;470;91;508;431;773;723;100;139;415;487;717;300;486;228;583;350;398;252;381;266;599;617;376;456;737;587;691;523;442;320;600;197;494;501;299;369;390;375;624;565;439;696;101;456;417;197;362;252;212;337;447;672;450;762;357;684;425;611;681;113;479;555;188;115;301;408;753;274;375;725;77;4
179;642;792;548;229;346;258;475;319;460;337;127;696;515;598;317;95;377;229;333;473;718;866;473;447;566;281;350;518;0;443;594;492;105;743;346;614;479;492;734;427;304;781;746;104;725;902;768;442;371;432;623;505;785;767;132;534;262;77;575;790;662;264;657;526;457;213;340;601;441;411;178;431;453;172;422;643;409;479;583;459;309;424;252;474;204;458;624;356;591;763;632;389;405;416;887;264;783;857;316;594;516
615;718;357;458;645;490;551;247;253;678;569;510;453;130;598;540;426;147;428;342;286;695;700;656;38;819;424;584;470;443;0;558;54;353;337;369;555;336;91;333;300;530;398;643;412;416;695;629;696;213;150;191;732;423;337;388;223;212;417;734;358;467;639;231;694;698;243;129;180;106;712;545;382;748;276;550;297;218;269;246;34;330;726;561;701;454;54;190;302;582;377;190;510;424;625;640;510;614;621;399;532;471
535;166;813;104;610;884;845;787;709;336;913;527;282;686;54;340;501;419;369;787;275;141;297;287;523;442;806;928;91;594;558;0;594;513;853;813;31;223;499;542;808;345;530;158;665;383;357;198;388;357;689;699;366;494;812;671;780;614;517;287;659;212;537;570;279;371;479;466;707;655;454;773;191;463;505;222;420;341;295;405;533;763;462;842;355;768;512;691;772;39;527;631;229;192;315;386;836;234;353;814;36;91
660;747;304;493;698;514;586;239;278;729;598;563;466;95;637;593;478;195;481;363;320;730;717;706;75;870;453;613;508;492;54;594;0;405;285;388;590;371;102;311;305;583;379;670;456;417;707;652;748;259;151;137;782;410;284;430;198;252;469;782;320;487;693;201;743;750;296;182;127;105;764;587;425;801;328;599;295;259;301;252;62;354;779;598;752;491;83;136;319;621;358;144;559;470;676;646;543;633;630;424;566;510
279;610;709;456;294;384;333;430;285;435;401;161;594;441;522;282;79;274;169;327;370;643;773;437;352;558;308;415;431;105;353;513;405;0;670;347;530;379;394;631;399;269;677;659;153;620;805;676;429;266;369;539;485;681;686;162;477;204;65;537;692;563;301;558;488;440;113;241;521;369;416;270;338;457;77;365;539;304;374;478;365;301;430;331;453;256;362;540;336;513;659;540;328;321;385;786;324;688;757;330;508;429
852;958;120;749;963;647;766;314;454;1014;747;832;663;229;900;878;748;479;764;506;582;980;914;990;359;1155;613;758;773;743;337;853;285;670;0;521;843;634;361;403;400;868;469;900;683;580;883;870;1033;541;314;156;1067;518;88;652;231;482;736;1063;318;706;968;308;1025;1035;570;466;158;303;1048;797;700;1086;596;882;471;535;561;459;345;512;1063;782;1037;682;362;162;458;884;452;226;843;750;961;805;714;840;799;569;822;776
331;953;611;732;567;130;251;207;118;782;227;471;796;342;836;629;411;429;514;28;588;952;1025;783;400;902;98;239;723;346;369;813;388;347;521;0;822;622;458;699;122;616;765;938;245;777;1036;940;774;474;244;463;832;791;579;214;291;202;391;883;701;793;610;589;834;786;335;372;430;285;753;306;622;794;318;705;663;505;579;607;402;50;766;269;799;186;417;469;70;824;744;520;665;630;732;992;197;937;969;50;798;723
566;165;799;97;637;897;862;788;717;367;929;551;255;683;81;368;522;420;391;796;270;140;268;318;519;473;819;944;100;614;555;31;590;530;843;822;0;220;492;522;813;373;507;133;682;358;327;169;419;360;690;689;397;469;799;687;778;622;537;316;640;186;565;555;310;402;490;469;700;654;485;792;201;494;518;251;402;341;289;390;530;772;493;860;386;783;508;682;779;67;504;620;256;210;346;355;852;203;322;825;24;101
583;384;604;122;578;711;702;571;511;434;757;459;219;463;267;349;401;203;299;595;52;360;406;395;300;569;633;772;139;479;336;223;371;379;634;622;220;0;276;369;600;346;382;318;522;271;429;318;471;149;472;478;481;363;599;519;558;421;410;446;476;184;528;367;417;464;307;256;485;435;516;649;89;542;343;288;245;123;73;207;310;573;529;704;457;614;289;472;573;251;371;416;260;153;389;408;682;318;378;632;196;142
671;646;350;396;677;577;628;335;342;662;653;541;366;197;543;535;459;134;434;431;225;632;616;634;59;803;509;668;415;492;91;499;102;394;361;458;492;276;0;252;391;527;313;569;477;325;608;550;686;187;239;204;714;334;337;457;299;289;454;703;298;386;659;165;667;685;281;153;209;194;711;613;339;745;320;525;206;176;204;155;57;417;725;637;685;531;41;199;392;527;292;161;487;390;610;550;590;531;532;487;470;417
908;559;315;447;897;822;880;540;586;803;903;764;289;380;595;708;687;357;630;673;330;643;524;764;309;938;757;917;487;734;333;542;311;631;403;699;522;369;252;0;614;703;72;539;728;189;485;497;839;380;461;295;850;116;329;708;477;541;686;807;120;348;865;116;782;833;521;396;325;416;880;864;457;908;562;657;125;347;311;168;303;662;894;890;826;783;293;285;630;579;51;206;628;521;758;403;842;459;400;732;506;491
452;970;495;718;655;247;372;88;115;828;347;545;750;239;838;674;473;398;554;112;559;949;990;822;336;956;219;358;717;427;300;808;305;399;400;122;813;600;391;614;0;661;683;918;336;716;992;913;827;454;154;355;879;715;461;303;172;208;454;916;602;756;688;500;870;836;352;345;321;200;815;420;618;856;349;732;596;478;547;546;334;127;830;390;847;300;354;363;73;824;662;422;691;638;775;939;319;903;920;172;789;717
239;344;876;345;264;644;560;678;547;167;641;200;547;648;329;13;214;395;109;596;374;443;641;170;512;297;572;654;300;304;530;345;583;269;868;616;373;346;527;703;661;0;725;504;401;616;695;541;169;342;601;718;218;709;861;420;709;456;235;272;796;491;194;671;223;176;318;402;710;586;184;472;260;218;313;132;583;364;392;535;526;570;198;552;186;506;512;715;602;328;712;688;116;200;116;707;568;571;675;598;359;296
947;499;374;442;933;887;940;611;651;812;965;802;259;451;584;729;728;404;661;739;350;619;475;771;371;944;821;980;486;781;398;530;379;677;469;765;507;382;313;72;683;725;0;507;782;153;429;460;852;418;530;366;857;51;391;764;549;601;729;805;164;325;896;187;785;844;570;448;397;485;898;919;471;923;612;667;143;382;334;200;366;727;911;948;835;843;354;356;697;568;21;278;642;535;770;344;902;418;344;797;494;490
666;77;841;207;768;1020;991;885;828;479;1055;684;251;765;183;498;655;521;524;911;361;129;144;429;605;565;941;1071;228;746;643;158;670;659;900;938;133;318;569;539;918;504;507;0;811;355;214;59;532;466;786;753;500;461;846;814;865;736;669;402;659;195;694;598;409;513;611;574;768;747;602;924;323;606;642;378;434;441;375;441;614;888;609;990;494;910;592;745;890;179;510;674;387;341;466;267;979;109;237;944;152;230
204;743;744;607;322;244;181;395;237;561;249;231;731;461;675;413;187;382;314;235;506;795;922;571;425;670;177;263;583;104;412;665;456;153;683;245;682;522;477;728;336;401;782;811;0;745;950;827;545;393;368;576;607;793;717;33;463;206;166;673;769;706;366;639;623;559;222;334;551;387;515;137;488;557;182;511;652;432;507;590;434;213;528;182;576;106;438;579;264;666;763;600;475;473;514;927;172;836;899;212;660;582
854;378;502;303;847;889;916;656;660;684;955;723;106;505;437;618;658;366;569;750;257;466;336;639;380;809;816;971;350;725;416;383;417;620;580;777;358;271;325;189;716;616;153;355;745;0;304;310;727;355;563;451;725;111;513;734;609;591;663;664;306;174;799;273;648;716;524;420;475;518;779;880;356;801;565;541;122;316;247;171;381;733;791;922;706;821;363;441;714;422;155;362;521;418;645;232;886;270;221;801;347;354
880;75;800;359;957;1134;1131;942;919;689;1185;859;243;800;392;691;816;606;695;1008;452;336;80;640;658;779;1057;1200;398;902;695;357;707;805;883;1036;327;429;608;485;992;695;429;214;950;304;0;161;742;569;845;754;713;378;813;947;904;837;828;616;594;246;889;577;623;724;734;664;778;801;810;1075;472;817;771;578;421;534;457;456;662;988;818;1132;706;1042;641;745;979;386;441;666;580;510;672;91;1110;125;85;1051;337;401
721;98;805;220;805;1027;1008;874;827;529;1068;714;210;747;232;536;679;515;552;912;354;187;100;479;591;620;949;1084;252;768;629;198;652;676;870;940;169;318;550;497;913;541;460;59;827;310;161;0;581;466;775;726;552;413;811;827;849;738;692;458;616;166;734;564;463;564;620;571;743;734;650;944;339;656;653;420;400;437;366;414;598;890;657;1007;546;924;576;717;889;225;465;644;425;366;512;208;993;51;178;949;182;254
149;201;1036;429;313;788;686;847;712;53;771;319;642;816;350;158;363;557;278;755;509;436;675;103;675;129;721;783;381;442;696;388;748;429;1033;774;419;471;686;839;827;169;852;532;545;727;742;581;0;499;770;882;67;829;1022;569;878;623;384;172;941;577;227;821;135;22;486;568;875;755;74;590;382;76;480;186;716;516;530;674;689;729;78;674;45;646;675;878;765;356;842;846;211;318;82;773;702;621;740;751;414;377
530;523;537;265;518;566;569;430;362;475;618;385;339;342;392;349;311;66;255;446;117;497;552;449;184;616;488;633;266;371;213;357;259;266;541;474;360;149;187;380;454;342;418;466;393;355;569;466;499;0;333;387;528;417;524;385;428;272;313;523;460;323;488;331;484;498;171;110;384;301;525;526;172;558;212;341;276;39;114;217;197;424;539;573;499;477;180;382;424;377;401;348;302;212;423;536;545;464;510;485;336;267
555;855;382;593;657;373;466;99;147;761;465;529;602;100;725;612;448;270;492;221;426;829;848;747;187;897;321;478;599;432;150;689;151;369;314;244;690;472;239;461;154;601;530;786;368;563;845;775;770;333;0;222;815;560;353;337;109;170;433;834;457;614;670;348;791;776;284;226;192;46;772;486;504;812;299;648;443;349;411;394;183;218;787;480;783;376;204;228;175;710;508;276;606;536;707;789;418;762;771;285;666;600
775;822;170;595;833;592;688;271;369;861;686;699;524;123;745;728;614;325;618;441;426;828;778;835;207;1002;543;700;617;623;191;699;137;539;156;463;689;478;204;295;355;718;366;753;576;451;754;726;882;387;222;0;914;409;147;548;194;370;604;907;251;560;830;182;870;883;433;319;35;192;901;702;543;937;463;727;334;379;405;312;192;440;915;702;884;596;207;10;394;728;346;90;688;594;808;682;640;699;672;506;668;620
170;137;1063;423;380;851;751;895;765;54;837;384;635;855;322;206;423;589;326;813;524;394;643;86;709;89;782;848;376;505;732;366;782;485;1067;832;397;481;714;850;879;218;857;500;607;725;713;552;67;528;815;914;0;830;1052;630;922;674;444;114;956;567;294;841;90;48;534;606;910;797;133;656;394;117;531;194;725;541;545;688;723;786;132;740;33;709;706;910;819;331;849;873;228;332;108;751;767;595;718;811;396;372
940;448;425;411;927;911;955;645;675;787;985;798;216;487;548;712;727;411;651;764;337;576;425;744;393;916;842;1000;456;785;423;494;410;681;518;791;469;363;334;116;715;709;51;461;793;111;378;413;829;417;560;409;830;0;441;777;587;619;730;773;216;285;885;227;755;819;576;459;438;515;878;930;451;901;618;643;142;379;323;203;389;751;890;963;810;859;375;399;724;532;66;319;620;514;747;293;920;369;293;821;457;460
906;888;34;709;980;707;816;374;499;999;805;845;602;256;861;870;761;466;762;561;547;933;849;971;350;1140;667;817;737;767;337;812;284;686;88;579;799;599;337;329;461;861;391;846;717;513;813;811;1022;524;353;147;1052;441;0;687;289;512;751;1037;235;650;976;248;1003;1022;579;464;167;330;1044;838;671;1079;610;862;412;512;526;409;336;563;1058;831;1022;728;348;147;512;844;376;182;824;726;947;732;766;778;728;625;779;740
230;764;715;609;354;224;184;361;204;583;242;258;724;431;683;433;207;368;328;203;499;804;921;590;403;695;152;257;587;132;388;671;430;162;652;214;687;519;457;708;303;420;764;814;33;734;947;827;569;385;337;548;630;777;687;0;430;179;186;692;746;702;396;617;643;583;214;318;522;357;542;158;490;584;176;525;636;423;499;576;412;180;555;188;598;97;417;551;231;674;745;575;489;480;535;920;166;835;893;184;664;586
622;941;322;681;761;419;535;85;227;869;518;636;663;104;818;721;555;363;601;275;509;918;915;853;260;1006;383;530;691;534;223;780;198;477;231;291;778;558;299;477;172;709;549;865;463;609;904;849;878;428;109;194;922;587;289;430;0;275;540;939;445;684;777;361;896;884;393;326;159;128;881;569;600;921;408;752;487;439;492;448;251;281;896;551;890;453;273;203;228;803;528;273;711;636;815;840;483;830;825;339;754;692
409;767;539;531;486;299;340;226;97;622;366;362;600;256;639;468;282;231;347;174;387;754;824;614;232;752;225;381;523;262;212;614;252;204;482;202;622;421;289;541;208;456;601;736;206;591;837;738;623;272;170;370;674;619;512;179;275;0;266;709;570;593;503;443;662;631;145;174;345;182;617;336;423;657;143;525;483;304;380;424;239;152;631;350;641;243;248;373;159;627;581;396;484;436;568;797;301;736;773;214;598;523
222;578;773;473;229;409;333;490;341;397;410;96;628;506;521;248;21;330;153;374;408;641;791;405;415;512;338;424;442;77;417;517;469;65;736;391;537;410;454;686;454;235;729;669;166;663;828;692;384;313;433;604;444;730;751;186;540;266;0;507;752;591;238;618;457;397;175;302;586;434;363;255;356;404;141;347;589;350;416;529;428;348;377;328;412;271;424;605;388;513;712;603;313;328;349;817;335;708;786;367;517;440
264;73;1045;363;480;916;829;922;804;127;912;463;567;862;236;259;486;587;369;861;494;288;543;102;707;163;843;925;320;575;734;287;782;537;1063;883;316;446;703;807;916;272;805;402;673;664;616;458;172;523;834;907;114;773;1037;692;939;709;507;0;919;497;394;812;49;150;564;614;907;811;244;738;366;230;570;187;682;527;516;652;720;835;244;820;127;778;702;902;862;248;799;856;228;313;161;662;839;503;630;867;321;316
969;662;213;562;972;829;907;520;596;907;918;836;408;363;712;802;755;424;715;677;432;763;638;871;346;1045;772;932;600;790;358;659;320;692;318;701;640;476;298;120;602;796;164;659;769;306;594;616;941;460;457;251;956;216;235;746;445;570;752;919;0;468;948;134;892;936;579;451;286;417;977;904;562;1007;619;762;239;433;411;268;335;671;991;918;931;811;333;243;631;696;154;181;731;624;860;508;863;576;508;740;623;604
723;264;646;149;742;889;886;713;678;530;939;632;70;582;266;490;581;364;469;765;206;295;234;483;429;648;811;955;197;662;467;212;487;563;706;793;186;184;386;348;756;491;325;195;706;174;246;166;577;323;614;560;567;285;650;702;684;593;591;497;468;0;682;402;485;565;489;421;577;572;636;833;241;653;526;394;239;289;213;248;435;744;647;888;551;797;413;552;738;251;324;480;383;292;498;226;865;147;195;807;177;201
56;408;996;538;86;598;477;728;576;267;565;143;736;739;515;198;222;527;235;598;548;623;833;303;630;330;540;575;494;264;639;537;693;301;968;610;565;528;659;865;688;194;896;694;366;799;889;734;227;488;670;830;294;885;976;396;777;503;238;394;948;682;0;817;351;248;398;514;815;668;170;378;446;207;373;316;752;518;562;699;644;573;179;463;270;455;636;829;618;516;881;817;309;390;247;901;502;764;868;578;552;490
836;650;245;468;839;714;782;425;479;790;798;703;356;265;621;678;622;291;586;563;319;687;606;757;214;930;653;813;501;657;231;570;201;558;308;589;555;367;165;116;500;671;187;598;639;273;577;564;821;331;348;182;841;227;248;617;361;443;618;812;134;402;817;0;782;817;446;318;211;304;853;774;449;885;485;647;164;307;297;165;205;555;867;792;814;686;201;173;520;604;167;93;613;509;741;501;741;532;493;624;536;504
259;122;1012;345;436;867;781;877;757;85;863;414;554;821;233;210;437;548;320;813;463;305;552;53;668;163;794;876;299;526;694;279;743;488;1025;834;310;417;667;782;870;223;785;409;623;648;623;463;135;484;791;870;90;755;1003;643;896;662;457;49;892;485;351;782;0;114;518;572;868;769;209;689;334;202;522;144;657;491;485;624;681;786;212;771;91;728;664;865;814;243;777;822;185;277;112;663;790;506;630;818;311;295
164;185;1035;417;334;803;703;854;722;35;788;336;630;820;332;164;376;557;285;767;504;416;657;85;676;122;735;800;369;457;698;371;750;440;1035;786;402;464;685;833;836;176;844;513;559;716;724;564;22;498;776;883;48;819;1022;583;884;631;397;150;936;565;248;817;114;0;493;571;877;760;95;608;375;93;488;177;709;514;524;668;691;741;98;692;23;661;675;879;775;339;834;845;205;312;76;758;718;604;724;764;399;365
391;623;601;405;402;408;398;361;242;481;450;267;510;342;500;330;182;165;209;310;285;617;712;471;240;615;330;466;390;213;243;479;296;113;570;335;490;307;281;521;352;318;570;611;222;524;734;620;486;171;284;433;534;576;579;214;393;145;175;564;579;489;398;446;518;493;0;128;417;274;488;356;290;528;42;380;434;210;285;373;253;285;503;402;502;308;249;432;302;489;551;428;339;295;427;706;376;624;679;335;467;390
519;632;482;374;527;473;498;322;257;552;535;390;426;250;500;412;307;57;299;344;217;607;653;532;116;692;398;551;375;340;129;466;182;241;466;372;469;256;153;396;345;402;448;574;334;420;664;571;568;110;226;319;606;459;464;318;326;174;302;614;451;421;514;318;572;571;128;0;309;198;583;471;279;620;168;428;319;134;208;258;130;324;597;504;575;402;122;317;318;485;429;304;387;310;498;623;466;565;599;388;445;376
746;841;194;604;815;559;657;236;339;856;654;681;544;92;752;720;597;321;607;409;433;839;798;832;201;997;512;667;624;601;180;707;127;521;158;430;700;485;209;325;321;710;397;768;551;475;778;743;875;384;192;35;910;438;167;522;159;345;586;907;286;577;815;211;868;877;417;309;0;164;891;674;546;928;445;725;357;381;413;330;187;408;906;672;879;567;205;43;361;736;377;119;685;594;803;707;609;718;696;473;677;626
583;819;358;557;661;413;497;141;181;744;502;530;558;75;692;598;447;236;479;261;388;794;805;727;144;881;356;515;565;441;106;655;105;369;303;285;654;435;194;416;200;586;485;747;387;518;801;734;755;301;46;192;797;515;330;357;128;182;434;811;417;572;668;304;769;760;274;198;164;0;762;510;473;800;295;625;397;314;372;349;139;255;777;511;766;405;160;196;216;677;463;236;584;508;690;744;451;719;726;323;630;566
87;241;1059;487;253;755;643;843;701;127;730;285;699;826;419;176;343;578;284;736;550;509;745;174;694;161;692;741;439;411;712;454;764;416;1048;753;485;516;711;880;815;184;898;602;515;779;810;650;74;525;772;901;133;878;1044;542;881;617;363;244;977;636;170;853;209;95;488;583;891;762;0;545;427;41;475;242;759;547;569;713;708;711;15;630;118;612;696;898;750;425;887;872;258;364;140;838;664;688;805;726;479;435
74;786;867;724;309;240;99;493;343;617;188;275;862;583;775;484;272;519;407;309;637;896;1042;636;560;706;211;197;696;178;545;773;587;270;797;306;792;649;613;864;420;472;919;924;137;880;1075;944;590;526;486;702;656;930;838;158;569;336;255;738;904;833;378;774;689;608;356;471;674;510;545;0;606;584;315;595;788;565;639;727;569;294;556;85;627;121;574;706;350;769;899;732;565;583;577;1056;134;958;1027;260;772;694
499;354;679;119;502;698;669;600;518;346;732;391;290;512;221;262;344;237;227;596;130;332;436;309;350;483;619;747;101;431;382;191;425;338;700;622;201;89;339;457;618;260;471;323;488;356;472;339;382;172;504;543;394;451;671;490;600;423;356;366;562;241;446;449;334;375;290;279;546;473;427;606;0;452;318;200;334;166;151;294;362;572;440;669;369;587;343;538;580;207;460;490;171;64;300;466;656;352;435;625;177;101
73;202;1094;505;287;796;682;883;742;128;770;326;717;864;425;209;385;613;322;778;578;507;750;177;730;124;733;780;456;453;748;463;801;457;1086;794;494;542;745;908;856;218;923;606;557;801;817;656;76;558;812;937;117;901;1079;584;921;657;404;230;1007;653;207;885;202;93;528;620;928;800;41;584;452;0;515;260;785;578;597;741;744;752;28;669;112;653;731;934;791;432;913;906;281;388;155;849;704;696;816;767;490;452
351;636;632;435;370;380;360;368;235;479;416;236;549;366;522;325;152;207;205;294;324;641;746;473;277;609;301;431;417;172;276;505;328;77;596;318;518;343;320;562;349;313;612;642;182;565;771;653;480;212;299;463;531;618;610;176;408;143;141;570;619;526;373;485;522;488;42;168;445;295;475;315;318;515;0;389;476;250;325;415;289;268;490;362;498;271;287;463;292;511;593;464;348;316;426;745;340;659;718;312;495;417
329;248;872;245;393;749;679;735;621;146;757;328;458;677;199;123;327;404;197;682;330;312;518;110;524;283;674;771;197;422;550;222;599;365;882;705;251;288;525;657;732;132;667;378;511;541;578;420;186;341;648;727;194;643;862;525;752;525;347;187;762;394;316;647;144;177;380;428;725;625;242;595;200;260;389;0;533;350;351;494;538;656;253;673;169;617;520;722;680;199;658;682;42;138;105;599;682;454;566;694;241;193
804;489;406;323;790;778;816;535;545;678;849;660;192;384;473;588;587;270;517;635;209;529;444;639;263;813;707;864;362;643;297;420;295;539;471;663;402;245;206;125;596;583;143;434;652;122;421;400;716;276;443;334;725;142;412;636;487;483;589;682;239;239;752;164;657;709;434;319;357;397;759;788;334;785;476;533;0;240;191;61;263;620;772;823;702;720;245;325;598;457;129;248;505;397;634;353;782;368;340;689;385;366
565;506;523;244;551;600;607;448;391;489;654;420;302;348;380;371;348;80;284;477;83;480;520;459;185;629;523;670;252;409;218;341;259;304;535;505;341;123;176;347;478;364;382;441;432;316;534;437;516;39;349;379;541;379;512;423;439;304;350;527;433;289;518;307;491;514;210;134;381;314;547;565;166;578;250;350;240;0;77;182;197;456;561;611;512;514;177;374;452;365;366;332;313;215;438;499;582;432;473;518;317;254
617;449;531;192;604;677;683;510;465;496;731;477;225;395;340;397;410;151;328;552;22;429;446;460;232;634;600;747;212;479;269;295;301;374;561;579;289;73;204;311;547;392;334;375;507;247;457;366;530;114;411;405;545;323;526;499;492;380;416;516;411;213;562;297;485;524;285;208;413;372;569;639;151;597;325;351;191;77;0;144;242;531;583;687;520;591;220;398;525;324;320;343;320;213;449;422;659;358;396;594;266;215
747;511;409;303;734;721;755;489;489;639;790;602;216;344;456;540;528;209;463;579;164;524;470;602;210;776;649;805;337;583;246;405;252;478;459;607;390;207;155;168;546;535;200;441;590;171;456;414;674;217;394;312;688;203;409;576;448;424;529;652;268;248;699;165;624;668;373;258;330;349;713;727;294;741;415;494;61;182;144;0;211;564;727;762;663;659;192;304;543;439;184;233;463;356;592;395;723;388;378;632;371;340
635;690;353;432;655;522;578;280;286;669;600;519;419;153;575;535;435;134;426;375;260;670;667;645;14;810;455;615;447;459;34;533;62;365;345;402;530;310;57;303;334;526;366;614;434;381;662;598;689;197;183;192;723;389;336;412;251;239;428;720;335;435;644;205;681;691;253;130;187;139;708;569;362;744;289;538;263;197;242;211;0;362;723;589;692;482;22;189;336;559;345;175;498;408;616;606;539;582;587;432;506;448
343;904;595;682;534;160;254;201;76;736;247;432;749;317;785;583;368;381;466;26;539;902;976;736;359;858;104;261;672;309;330;763;354;301;512;50;772;573;417;662;127;570;727;888;213;733;988;890;729;424;218;440;786;751;563;180;281;152;348;835;671;744;573;555;786;741;285;324;408;255;711;294;572;752;268;656;620;456;531;564;362;0;725;270;754;174;376;445;56;773;706;490;616;580;685;945;203;888;922;70;748;672
77;230;1074;498;261;768;654;857;715;131;742;298;710;841;426;190;357;593;299;750;563;513;752;180;709;151;705;752;450;424;726;462;779;430;1063;766;493;529;725;894;830;198;911;609;528;791;818;657;78;539;787;915;132;890;1058;555;896;631;377;244;991;647;179;867;212;98;503;597;906;777;15;556;440;28;490;253;772;561;583;727;723;725;0;641;120;624;710;913;764;432;900;886;270;376;149;847;676;696;814;739;488;446
75;871;862;787;393;175;20;470;333;700;104;358;912;580;848;564;346;556;480;278;687;968;1103;718;581;790;171;113;762;252;561;842;598;331;782;269;860;704;637;890;390;552;948;990;182;922;1132;1007;674;573;480;702;740;963;831;188;551;350;328;820;918;888;463;792;771;692;402;504;672;511;630;85;669;669;362;673;823;611;687;762;589;270;641;0;711;107;597;706;325;840;928;741;641;650;660;1108;72;1018;1080;219;839;760
180;168;1034;405;356;819;722;863;732;24;806;354;618;824;314;173;391;559;294;780;499;394;638;68;678;118;750;819;357;474;701;355;752;453;1037;799;386;457;685;826;847;186;835;494;576;706;706;546;45;499;783;884;33;810;1022;598;890;641;412;127;931;551;270;814;91;23;502;575;879;766;118;627;369;112;498;169;702;512;520;663;692;754;120;711;0;678;677;880;787;322;826;844;201;307;76;741;736;587;708;779;384;353
179;846;758;705;399;144;97;375;230;664;145;328;816;475;779;518;292;455;420;188;593;899;1017;676;475;769;93;160;684;204;454;768;491;256;682;186;783;614;531;783;300;506;843;910;106;821;1042;924;646;477;376;596;709;859;728;97;453;243;271;778;811;797;455;686;728;661;308;402;567;405;612;121;587;653;271;617;720;514;591;659;482;174;624;107;678;0;490;601;230;770;822;634;581;576;619;1013;69;931;987;140;761;682
636;668;364;411;649;535;587;301;301;654;611;513;399;175;554;522;430;118;415;390;238;648;646;628;18;794;467;626;425;458;54;512;83;362;362;417;508;289;41;293;354;512;354;592;438;363;641;576;675;180;204;207;706;375;348;417;273;248;424;702;333;413;636;201;664;675;249;122;205;160;696;574;343;731;287;520;245;177;220;192;22;376;710;597;677;490;0;204;352;538;333;182;481;389;601;586;549;560;567;446;485;427
779;813;169;588;833;599;693;279;374;857;692;698;515;128;738;725;614;322;615;448;420;820;768;831;204;998;549;706;611;624;190;691;136;540;162;469;682;472;199;285;363;715;356;745;579;441;745;717;878;382;228;10;910;399;147;551;203;373;605;902;243;552;829;173;865;879;432;317;43;196;898;706;538;934;463;722;325;374;398;304;189;445;913;706;880;601;204;0;400;722;336;80;684;589;804;672;645;690;662;512;660;613
395;925;544;687;584;199;308;146;62;768;294;476;738;272;798;614;407;374;495;48;535;912;971;765;335;894;155;306;681;356;302;772;319;336;458;70;779;573;392;630;73;602;697;890;264;714;979;889;765;424;175;394;819;724;512;231;228;159;388;862;631;738;618;520;814;775;302;318;361;216;750;350;580;791;292;680;598;452;525;543;336;56;764;325;787;230;352;400;0;785;676;450;639;595;716;932;256;883;910;113;755;681
501;147;847;136;592;890;844;807;723;304;914;516;321;712;17;321;496;441;362;798;303;130;322;254;548;405;812;929;113;591;582;39;621;513;884;824;67;251;527;579;824;328;568;179;666;422;386;225;356;377;710;728;331;532;844;674;803;627;513;248;696;251;516;604;243;339;489;485;736;677;425;769;207;432;511;199;457;365;324;439;559;773;432;840;322;770;538;722;785;0;565;663;213;195;287;420;838;265;387;822;75;111
931;513;360;436;917;866;919;590;630;803;944;786;260;430;581;717;711;386;646;718;338;620;484;763;350;936;800;959;479;763;377;527;358;659;452;744;504;371;292;51;662;712;21;510;763;155;441;465;842;401;508;346;849;66;376;745;528;581;712;799;154;324;881;167;777;834;551;429;377;463;887;899;460;913;593;658;129;366;320;184;345;706;900;928;826;822;333;336;676;565;0;257;631;524;760;357;882;424;356;776;490;483
804;737;190;528;830;648;729;343;416;821;737;694;439;183;680;697;610;294;594;496;365;756;692;791;189;962;592;751;555;632;190;631;144;540;226;520;620;416;161;206;422;688;278;674;600;362;666;644;846;348;276;90;873;319;182;575;273;396;603;856;181;480;817;93;822;845;428;304;119;236;872;732;490;906;464;682;248;332;343;233;175;490;886;741;844;634;182;80;450;663;257;0;645;545;770;593;684;615;583;559;599;558
341;288;835;234;381;712;647;694;580;177;723;304;443;636;216;112;295;364;162;642;299;334;525;147;484;317;636;737;188;389;510;229;559;328;843;665;256;260;487;628;691;116;642;387;475;521;580;425;211;302;606;688;228;620;824;489;711;484;313;228;731;383;309;613;185;205;339;387;685;584;258;565;171;281;348;42;505;313;320;463;498;616;270;641;201;581;481;684;639;213;631;645;0;107;129;595;647;455;562;655;243;184
439;332;735;152;451;695;653;629;533;283;721;349;347;553;206;201;313;277;185;605;192;325;466;248;395;421;617;736;115;405;424;192;470;321;750;630;210;153;390;521;638;200;535;341;473;418;510;366;318;212;536;594;332;514;726;480;636;436;328;313;624;292;390;509;277;312;295;310;594;508;364;583;64;388;316;138;397;215;213;356;408;580;376;650;307;576;389;589;595;195;524;545;107;0;237;513;645;387;481;628;189;113
226;229;959;350;331;758;669;788;661;54;752;302;562;748;283;103;328;483;221;711;428;381;608;59;602;194;687;764;301;416;625;315;676;385;961;732;346;389;610;758;775;116;770;466;514;645;672;512;82;423;707;808;108;747;947;535;815;568;349;161;860;498;247;741;112;76;427;498;803;690;140;577;300;155;426;105;634;438;449;592;616;685;149;660;76;619;601;804;716;287;760;770;129;237;0;699;679;549;666;713;339;297
921;156;717;363;964;1096;1105;884;874;722;1153;857;197;736;430;705;807;566;693;964;421;395;160;673;603;823;1020;1169;408;887;640;386;646;786;805;992;355;408;550;403;939;707;344;267;927;232;91;208;773;536;789;682;751;293;732;920;840;797;817;662;508;226;901;501;663;758;706;623;707;744;838;1056;466;849;745;599;353;499;422;395;606;945;847;1108;741;1013;586;672;932;420;357;593;595;513;699;0;1081;159;33;1011;360;411
140;903;798;774;438;107;53;401;271;723;76;383;884;518;847;580;355;520;485;209;660;967;1086;737;532;823;101;91;753;264;510;836;543;324;714;197;852;682;590;842;319;568;902;979;172;886;1110;993;702;545;418;640;767;920;766;166;483;301;335;839;863;865;502;741;790;718;376;466;609;451;664;134;656;704;340;682;782;582;659;723;539;203;676;72;736;69;549;645;256;838;882;684;647;645;679;1081;0;1000;1054;148;830;751
765;123;769;236;833;1029;1017;860;823;569;1075;736;176;728;273;567;696;509;572;909;349;238;88;520;576;665;951;1090;274;783;614;234;633;688;840;937;203;318;531;459;903;571;418;109;836;270;125;51;621;464;762;699;595;369;778;835;830;736;708;503;576;147;764;532;506;604;624;565;718;719;688;958;352;696;659;454;368;432;358;388;582;888;696;1018;587;931;560;690;883;265;424;615;455;387;549;159;1000;0;128;949;213;277
888;160;715;330;932;1072;1077;867;852;689;1127;826;173;721;397;672;776;542;662;941;394;365;141;640;584;791;996;1143;375;857;621;353;630;757;799;969;322;378;532;400;920;675;344;237;899;221;85;178;740;510;771;672;718;293;728;893;825;773;786;630;508;195;868;493;630;724;679;599;696;726;805;1027;435;816;718;566;340;473;396;378;587;922;814;1080;708;987;567;662;910;387;356;583;562;481;666;33;1054;128;0;987;326;378
283;940;657;738;530;90;201;255;146;763;181;442;814;384;834;611;388;445;499;65;600;952;1037;767;428;878;49;194;725;316;399;814;424;330;569;50;825;632;487;732;172;598;797;944;212;801;1051;949;751;485;285;506;811;821;625;184;339;214;367;867;740;807;578;624;818;764;335;388;473;323;726;260;625;767;312;694;689;518;594;632;432;70;739;219;779;140;446;512;113;822;776;559;655;628;713;1011;148;949;987;0;801;725
