QTD_PONTOS;100
QTD_VENDEDORES;5
14;91;0;996;365;727;142;904;785;932;942;852;991;917;1166;378;128;1155;835;931;646;794;1180;556;772;981;626;244;135;633;720;360;824;596;1220;971;546;952;781;958;456;725;462;847;596;538;229;597;89;930;1242;852;291;271;557;471;402;1104;492;962;861;924;1018;254;686;463;1129;956;532;504;614;807;785;630;715;861;822;159;958;801;1100;645;1010;609;986;465;860;936;584;633;494;1003;1036;983;690;426;1172;1106;1078;1204;701;590
929;485;996;0;731;271;909;194;228;71;299;153;265;640;240;646;911;276;911;264;368;602;266;498;385;677;465;783;932;690;517;705;185;716;407;737;880;118;940;466;548;301;589;439;789;467;769;428;992;226;406;636;715;737;864;877;644;270;521;45;174;164;22;744;570;546;214;154;465;631;602;322;372;597;637;154;568;858;292;338;262;706;573;505;84;536;207;63;563;611;502;224;549;391;645;575;374;399;116;462;969;759
202;404;365;731;0;467;229;595;565;661;607;578;812;552;856;116;240;834;519;602;459;429;865;450;431;618;290;327;398;275;359;40;546;244;880;612;270;658;484;857;317;432;403;491;267;280;197;303;417;610;905;488;149;150;269;214;94;778;222;690;642;621;754;193;322;333;819;741;331;141;249;653;445;265;351;580;457;326;792;653;776;291;645;262;747;310;657;679;225;268;294;682;673;851;328;291;833;758;788;854;433;250
669;407;727;271;467;0;637;209;121;205;305;126;372;543;451;376;640;455;744;274;151;459;470;284;240;601;234;524;671;483;344;438;100;499;553;644;648;232;756;489;290;81;356;342;570;195;499;167;728;252;566;513;444;465;635;633;377;414;251;235;186;217;293;474;381;293;415;280;202;384;387;268;236;387;459;137;440;595;365;278;409;503;535;275;280;275;213;214;333;403;235;317;531;449;458;313;507;477;352;571;763;540
58;226;142;909;229;637;0;798;712;841;824;759;937;777;1060;267;16;1045;696;816;581;655;1072;517;651;841;505;246;222;492;587;230;729;454;1100;830;409;852;644;934;396;623;434;718;454;442;155;491;213;819;1124;712;195;174;419;334;282;991;390;871;790;820;931;178;551;407;1023;887;456;370;477;759;664;494;575;765;685;187;909;755;988;503;874;483;908;400;795;851;453;495;416;892;902;947;551;364;1053;982;981;1080;568;448
767;592;904;194;595;209;798;0;262;140;120;119;430;448;263;532;804;253;717;83;357;409;275;492;199;489;309;721;864;508;331;577;121;539;343;547;706;79;749;606;492;180;565;245;610;369;675;308;916;48;358;442;614;634;689;713;519;207;412;152;267;32;211;652;385;497;225;313;402;477;427;412;185;419;448;98;374;785;444;426;202;523;393;344;262;476;309;185;399;432;429;107;375;543;458;512;297;275;200;364;783;581
762;330;785;228;565;121;712;262;0;183;378;144;254;654;452;463;712;472;865;342;143;576;475;270;352;708;354;562;711;603;463;532;144;618;588;755;764;246;877;372;330;199;362;448;689;285;564;277;773;310;595;628;517;538;751;743;472;444;343;208;78;254;246;539;502;326;420;177;256;497;507;157;346;508;579;165;555;640;245;169;437;623;633;394;201;320;95;165;451;523;296;358;623;329;579;359;546;536;335;622;883;658
858;486;932;71;661;205;841;140;183;0;256;83;292;587;269;578;844;291;848;218;316;541;292;450;319;629;394;723;872;621;451;635;115;647;413;686;810;79;876;478;488;230;537;382;719;399;704;358;930;180;417;578;649;670;794;806;575;270;453;30;152;114;93;679;502;488;237;175;403;560;533;306;307;528;571;83;508;797;310;321;262;638;531;434;123;475;192;47;493;542;438;200;511;410;578;514;374;382;154;457;902;690
728;706;942;299;607;305;824;120;378;256;0;238;548;345;271;564;832;234;636;38;456;332;272;586;176;379;319;781;918;464;286;595;234;501;278;440;670;182;677;726;565;250;649;163;567;425;718;354;965;76;300;352;652;672;651;689;543;175;457;262;388;142;312;696;341;573;239;430;476;474;399;530;162;388;389;217;291;837;564;544;175;475;276;345;375;547;430;302;389;397;496;99;255;663;404;579;230;176;264;274;723;542
776;473;852;153;578;126;759;119;144;83;238;0;329;542;329;495;763;339;786;201;255;483;349;391;256;591;314;649;797;548;384;552;32;572;448;643;732;111;809;491;414;148;472;334;644;317;624;275;854;167;457;526;567;588;717;726;492;305;370;113;152;111;176;599;432;416;294;216;327;479;457;293;245;453;505;21;454;720;337;307;299;566;504;355;187;400;194;108;414;468;361;215;489;434;509;439;404;392;227;478;830;614
995;228;991;265;812;372;937;430;254;292;548;329;0;870;487;705;935;533;1108;510;358;809;514;436;582;917;606;751;896;854;704;777;351;871;667;971;1018;369;1125;209;541;443;533;662;942;533;783;532;962;472;662;854;747;767;1005;997;718;534;591;290;188;406;264;759;748;532;469;117;488;751;759;185;572;758;823;345;782;835;44;194;526;874;823;647;181;537;159;246;705;774;528;486;803;128;825;573;637;664;368;727;1135;912
443;901;917;640;552;543;777;448;654;587;345;542;870;0;586;579;790;532;315;377;671;125;577;769;303;68;378;840;942;290;233;565;523;332;491;102;465;522;373;1025;689;463;794;209;365;541;731;473;968;414;523;65;667;680;445;517;541;478;533;600;691;477;655;718;241;703;563;756;622;420;308;809;308;292;202;525;113;865;879;820;482;284;132;363;710;671;731;632;355;286;620;439;175;974;227;687;459;364;607;424;447;354
999;715;1166;240;856;451;1060;263;452;269;271;329;487;586;0;794;1066;62;894;261;582;598;27;717;437;601;566;975;1120;735;556;838;352;771;189;668;940;219;941;695;742;441;801;432;838;629;937;570;1175;246;177;608;876;896;922;957;781;109;674;246;412;242;232;913;612;744;37;389;652;731;667;563;422;656;659;315;555;1042;521;578;104;746;480;599;316;727;447;295;649;667;684;178;443;615;675;764;174;245;124;264;992;812
299;340;378;646;116;376;267;532;463;578;564;495;705;579;794;0;272;780;603;553;349;455;806;334;395;647;248;261;370;334;359;77;464;313;841;653;378;586;577;742;201;356;292;476;355;181;159;225;407;554;864;518;92;109;375;329;41;727;125;608;541;554;669;141;338;218;757;640;219;167;274;540;407;289;389;500;472;290;683;540;724;353;652;236;653;193;553;590;225;297;181;627;674;738;369;176;793;728;715;827;536;333
60;210;128;911;240;640;16;804;712;844;832;763;935;790;1066;272;0;1051;711;823;580;668;1078;513;659;854;513;236;206;505;598;240;733;468;1109;844;425;857;660;928;394;628;428;728;469;445;152;496;197;826;1132;725;196;175;434;350;289;998;394;874;790;826;933;176;562;404;1029;887;456;381;489;756;672;506;588;769;697;173;906;752;995;517;885;492;910;399;794;853;463;507;416;899;913;943;564;362;1061;991;985;1089;584;462
956;760;1155;276;834;455;1045;253;472;291;234;339;533;532;62;780;1051;0;843;232;593;551;46;730;408;543;544;973;1117;697;519;819;357;734;134;611;903;228;892;739;743;433;810;390;799;622;927;558;1169;226;129;557;864;885;884;923;764;59;663;272;441;239;272;904;575;747;65;429;653;705;634;594;393;622;617;322;508;1038;565;609;59;706;422;574;357;727;478;324;621;631;682;153;383;661;634;764;113;183;165;204;947;774
128;918;835;911;519;744;696;717;865;848;636;786;1108;315;894;603;711;843;0;662;833;309;888;892;531;330;519;846;904;282;404;551;760;291;806;270;291;796;75;1230;778;667;882;476;252;658;716;614;908;695;839;287;666;670;278;365;562;787;623;867;920;749;929;712;363;795;868;1001;741;445;373;1007;542;367;285;774;346;840;1107;1014;790;260;443;484;969;763;954;888;437;352;722;735;487;1193;287;763;774;679;899;737;173;271
742;671;931;264;602;274;816;83;342;218;38;201;510;377;261;553;823;232;662;0;425;355;266;557;177;414;313;762;901;477;297;589;198;512;293;474;681;147;700;688;542;225;623;186;580;407;704;337;950;39;313;379;640;660;663;696;535;175;441;226;350;105;278;682;353;549;226;393;452;473;406;494;162;396;406;180;315;821;526;508;174;489;313;342;339;525;392;265;390;407;475;83;293;625;420;558;245;203;237;299;742;553
638;259;646;368;459;151;581;357;143;316;456;255;358;671;582;349;580;593;833;425;0;573;602;136;373;732;316;419;569;557;452;423;239;562;699;769;688;366;834;408;190;218;221;479;628;189;429;219;631;402;710;632;389;409;678;656;366;558;243;344;216;360;388;405;477;184;547;309;130;421;461;194;373;466;555;272;562;499;334;195;552;578;677;350;343;182;215;305;399;482;170;463;676;393;548;221;654;628;470;721;824;598
405;782;794;602;429;459;655;409;576;541;332;483;809;125;598;455;668;551;309;355;573;0;594;660;228;192;265;715;817;178;121;440;459;221;540;206;373;488;345;947;572;378;678;169;268;427;607;364;844;387;571;65;542;555;353;414;416;493;414;559;624;440;620;593;117;587;569;699;510;295;183;726;238;167;85;469;44;740;812;736;495;178;224;245;663;555;660;582;231;162;504;431;260;903;110;568;501;408;592;487;395;251
998;742;1180;266;865;470;1072;275;475;292;272;349;514;577;27;806;1078;46;888;266;602;594;0;738;442;589;575;992;1137;736;558;849;370;773;163;656;942;238;936;722;759;455;821;431;839;644;951;583;1190;254;150;601;889;910;923;960;792;102;688;269;437;257;258;927;614;762;55;415;670;738;671;588;427;659;658;334;551;1058;548;604;99;747;468;606;343;744;472;320;656;670;700;184;429;642;675;781;152;228;150;241;989;814
568;142;556;498;450;284;517;492;270;450;586;391;436;769;717;334;513;730;892;557;136;660;738;0;484;834;395;316;461;610;540;410;375;606;835;864;706;502;881;419;134;340;98;591;664;236;362;297;527;536;846;723;341;358;700;662;364;694;270;477;334;496;516;340;554;118;683;416;152;454;521;251;486;530;628;408;657;400;402;244;688;632;791;420;462;141;320;435;457;544;171;599;794;431;616;163;789;760;604;854;857;637
571;626;772;385;431;240;651;199;352;319;176;256;582;303;437;395;659;408;531;177;373;228;442;484;0;361;146;628;757;309;133;421;231;341;450;404;509;277;556;724;430;160;527;107;411;281;552;205;800;195;475;276;485;504;491;520;371;350;298;340;396;230;404;531;186;441;402;472;348;298;231;506;15;222;252;243;203;676;585;517;349;324;307;169;439;412;434;358;214;234;359;259;312;677;260;438;403;334;397;432;585;383
454;968;981;677;618;601;841;489;708;629;379;591;917;68;601;647;854;543;330;414;732;192;589;834;361;0;444;907;1009;351;300;631;574;392;486;68;514;560;395;1078;756;521;860;261;419;608;799;538;1034;452;518;130;734;747;495;571;609;492;601;639;741;516;691;785;309;770;581;801;687;487;375;864;365;359;267;572;180;932;927;876;498;343;122;431;751;738;782;675;422;353;686;467;164;1024;291;755;459;366;634;412;478;411
466;524;626;465;290;234;505;309;354;394;319;314;606;378;566;248;513;544;519;313;316;265;575;395;146;444;0;488;613;250;146;276;283;265;595;469;419;377;525;711;312;169;416;232;336;164;406;100;655;321;619;329;339;358;404;413;224;488;162;421;419;336;486;386;162;326;530;511;245;169;153;489;159;155;239;310;265;533;599;496;486;270;422;41;498;294;448;421;101;170;242;392;437;680;232;313;548;480;506;579;529;306
258;82;244;783;327;524;246;721;562;723;781;649;751;840;975;261;236;973;846;762;419;715;992;316;628;907;488;0;149;590;615;296;624;565;1055;914;587;756;810;714;235;541;220;721;594;356;133;428;213;754;1074;779;181;176;590;519;301;927;329;753;635;735;803;134;599;236;938;725;322;427;535;567;637;551;650;661;731;85;717;560;922;608;907;486;762;249;629;720;485;559;291;826;925;739;629;211;1007;954;875;1053;752;576
125;14;135;932;398;671;222;864;711;872;918;797;896;942;1120;370;206;1117;904;901;569;817;1137;461;757;1009;613;149;0;673;728;378;771;641;1194;1008;624;902;858;844;384;684;363;844;655;496;212;564;68;895;1214;879;278;263;632;550;404;1069;461;901;784;880;952;229;703;386;1084;874;470;522;635;711;768;651;745;808;839;81;860;703;1065;688;1022;605;911;397;777;869;593;656;437;968;1043;876;722;358;1146;1089;1023;1188;786;643
265;672;633;690;275;483;492;508;603;621;464;548;854;290;735;334;505;697;282;477;557;178;736;610;309;351;250;590;673;0;180;297;519;43;704;339;206;586;277;959;497;412;602;308;103;378;468;339;691;501;734;225;409;418;187;238;292;637;342;645;666;540;710;459;124;514;702;755;460;168;97;737;324;96;93;540;218;600;848;743;638;22;402;210;735;482;696;656;158;81;441;559;438;929;69;484;662;573;706;658;282;78
445;668;720;517;359;344;587;331;463;451;286;384;704;233;556;359;598;519;404;297;452;121;558;540;133;300;146;615;728;180;0;361;357;215;538;324;384;410;425;833;456;265;561;138;283;309;517;243;761;321;566;183;450;465;366;405;325;460;301;473;517;362;537;500;56;470;523;598;390;218;119;611;147;105;120;373;120;649;704;620;460;193;293;131;569;438;551;489;136;113;387;379;317;792;127;455;493;410;527;502;452;256
232;377;360;705;40;438;230;577;532;635;595;552;777;565;838;77;240;819;551;589;423;440;849;410;421;631;276;296;378;297;361;0;521;269;871;630;309;637;519;818;277;408;363;489;299;248;171;278;404;594;895;501;115;121;307;255;61;764;189;665;609;601;728;163;329;293;801;708;293;146;258;615;434;274;366;555;465;304;756;616;762;314;651;253;717;270;624;652;224;279;256;666;677;814;344;250;823;752;767;849;471;280
744;473;824;185;546;100;729;121;144;115;234;32;351;523;352;464;733;357;760;198;239;459;370;375;231;574;283;624;771;519;357;521;0;541;460;625;701;132;781;505;390;116;453;315;614;288;595;243;827;168;472;504;538;559;686;694;460;319;340;144;168;121;208;570;404;392;315;241;301;447;427;299;221;423;477;37;432;694;356;312;313;537;491;324;217;375;208;139;383;438;334;225;480;451;481;413;415;396;254;485;800;584
231;646;596;716;244;499;454;539;618;647;501;572;871;332;771;313;468;734;291;512;562;221;773;606;341;392;265;565;641;43;215;269;541;0;745;376;169;616;275;967;488;431;591;347;72;378;439;347;656;534;774;267;383;390;151;196;272;675;337;672;684;570;737;432;159;505;738;775;458;154;114;746;355;120;136;565;260;570;862;752;675;49;445;224;758;474;712;679;167;107;435;594;481;941;112;472;702;614;738;700;265;43
934;892;1220;407;880;553;1100;343;588;413;278;448;667;491;189;841;1109;134;806;293;699;540;163;835;450;486;595;1055;1194;704;538;871;460;745;0;553;909;342;863;872;832;516;908;400;804;699;995;630;1242;303;32;530;930;949;889;940;820;144;733;398;565;339;404;973;590;838;199;561;742;743;657;719;437;643;616;429;496;1114;698;734;151;710;365;618;489;815;604;450;658;650;766;236;322;795;637;850;48;132;299;86;929;782
389;987;971;737;612;644;830;547;755;686;440;643;971;102;668;653;844;611;270;474;769;206;656;864;404;68;469;914;1008;339;324;630;625;376;553;0;480;620;339;1127;778;563;883;310;392;632;800;567;1029;512;585;141;737;748;462;542;614;559;620;698;793;575;752;788;321;793;647;856;714;489;379;910;409;364;265;626;208;933;980;921;565;327;190;451;809;760;832;731;433;356;710;531;232;1075;286;774;527;434;698;478;426;388
62;635;546;880;270;648;409;706;764;810;670;732;1018;465;940;378;425;903;291;681;688;373;942;706;509;514;419;587;624;206;384;309;701;169;909;480;0;782;235;1095;577;588;670;514;105;499;454;486;622;703;939;404;416;414;20;75;343;843;447;835;834;737;901;456;328;594;907;928;570;268;279;879;524;287;293;727;416;567;1005;883;844;199;590;378;917;566;859;840;318;275;540;764;629;1077;272;554;867;777;906;860;165;128
841;563;952;118;658;232;852;79;246;79;182;111;369;522;219;586;857;228;796;147;366;488;238;502;277;560;377;756;902;586;410;637;132;616;342;620;782;0;829;557;522;230;583;322;687;415;723;362;958;108;349;520;664;685;765;786;577;198;463;80;228;48;133;698;464;525;183;252;434;546;503;381;263;496;527;95;452;825;389;396;191;602;458;415;193;508;269;124;471;509;465;121;435;489;537;545;301;303;130;381;862;658
71;870;781;940;484;756;644;749;877;876;677;809;1125;373;941;577;660;892;75;700;834;345;936;881;556;395;525;810;858;277;425;519;781;275;863;339;235;829;0;1236;761;682;863;515;222;652;678;616;857;731;895;336;633;634;226;310;537;834;612;896;937;781;959;676;378;778;913;1022;733;428;373;1013;569;371;305;798;387;798;1121;1020;837;256;504;487;994;748;969;914;435;355;711;776;548;1204;300;744;829;734;937;797;99;246
969;21;958;466;857;489;934;606;372;478;726;491;209;1025;695;742;928;739;1230;688;408;947;722;419;724;1078;711;714;844;959;833;818;505;967;872;1127;1095;557;1236;0;549;569;501;818;1034;596;780;621;912;652;868;1000;760;776;1086;1061;766;736;649;483;339;587;467;758;867;535;675;311;529;829;862;223;718;866;946;511;927;798;174;216;727;980;995;749;383;552;298;433;802;881;563;678;980;84;942;580;840;859;574;928;1230;1005
454;212;456;548;317;290;396;492;330;488;565;414;541;689;742;201;394;743;778;542;190;572;759;134;430;756;312;235;384;497;456;277;390;488;832;778;577;522;761;549;0;317;106;533;541;151;242;226;444;529;849;637;211;229;571;529;233;699;159;518;405;505;568;218;459;17;705;499;90;334;415;363;436;426;527;427;576;311;512;360;694;519;730;327;531;18;404;486;352;439;72;599;741;554;513;32;785;740;640;839;730;515
628;477;725;301;432;81;623;180;199;230;250;148;443;463;441;356;628;433;667;225;218;378;455;340;160;521;169;541;684;412;265;408;116;431;516;563;588;230;682;569;317;0;399;263;504;189;496;132;736;213;533;431;435;456;573;579;348;385;234;259;255;199;323;472;305;324;404;344;227;331;318;349;157;316;381;148;359;605;440;359;381;431;460;210;329;300;288;254;269;331;251;284;458;528;382;334;468;426;359;523;694;473
476;108;462;589;403;356;434;565;362;537;649;472;533;794;801;292;428;810;882;623;221;678;821;98;527;860;416;220;363;602;561;363;453;591;908;883;670;583;863;501;106;399;0;632;642;253;282;325;430;605;922;742;275;288;666;618;329;770;266;565;429;572;608;262;565;91;766;514;178;437;521;348;532;532;634;488;681;304;498;340;765;623;830;433;557;123;418;526;458;545;174;672;839;521;619;119;862;824;692;921;828;617
567;733;847;439;491;342;718;245;448;382;163;334;662;209;432;476;728;390;476;186;479;169;431;591;107;261;232;721;844;308;138;489;315;347;400;310;514;322;515;818;533;263;632;0;410;382;635;308;882;219;428;197;567;585;495;540;446;331;393;397;483;275;456;616;190;545;402;548;454;351;258;604;107;243;227;317;130;764;670;615;332;317;200;240;505;515;522;425;266;250;461;262;208;765;244;539;356;272;423;365;560;386
162;668;596;789;267;570;454;610;689;719;567;644;942;365;838;355;469;799;252;580;628;268;839;664;411;419;336;594;655;103;283;299;614;72;804;392;105;687;222;1034;541;504;642;410;0;441;464;416;663;604;834;303;414;417;85;152;315;740;396;744;755;641;809;460;227;559;805;847;519;211;187;814;426;192;188;637;311;589;933;819;741;94;487;295;830;529;783;752;237;178;494;662;526;1010;167;523;762;672;808;755;196;30
479;361;538;467;280;195;442;369;285;399;425;317;533;541;629;181;445;622;658;407;189;427;644;236;281;608;164;356;496;378;309;248;288;378;699;632;499;415;652;596;151;189;253;382;441;0;308;75;547;400;718;491;250;271;489;468;187;573;58;429;362;387;489;284;318;164;592;461;84;233;286;381;288;294;392;325;428;416;515;384;569;399;579;184;472;133;377;410;222;309;80;472;590;580;380;158;651;599;541;698;637;412
212;207;229;769;197;499;155;675;564;704;718;624;783;731;937;159;152;927;716;704;429;607;951;362;552;799;406;133;212;468;517;171;595;439;995;800;454;723;678;780;242;496;282;635;464;308;0;369;248;702;1017;669;67;52;457;386;192;876;264;734;641;695;791;25;492;252;900;737;308;312;424;604;563;440;536;632;627;134;754;600;873;485;810;395;763;247;644;709;381;446;269;775;832;792;513;210;947;885;849;984;619;448
504;432;597;428;303;167;491;308;277;358;354;275;532;473;570;225;496;558;614;337;219;364;583;297;205;538;100;428;564;339;243;278;243;347;630;567;486;362;616;621;226;132;325;308;416;75;369;0;613;334;650;426;306;326;474;467;217;507;105;387;350;329;450;345;261;237;533;447;149;219;243;399;212;248;338;278;360;484;519;405;504;360;505;131;446;207;373;376;181;263;154;407;515;594;330;233;582;527;491;626;611;385
57;13;89;992;417;728;213;916;773;930;965;854;962;968;1175;407;197;1169;908;950;631;844;1190;527;800;1034;655;213;68;691;761;404;827;656;1242;1029;622;958;857;912;444;736;430;882;663;547;248;613;0;946;1262;904;315;298;631;547;437;1119;508;960;847;933;1012;269;733;447;1138;938;527;550;662;778;811;678;768;864;868;133;927;770;1116;705;1054;642;974;456;841;929;625;682;493;1018;1078;944;745;417;1194;1133;1080;1232;780;654
765;640;930;226;610;252;819;48;310;180;76;167;472;414;246;554;826;226;695;39;402;387;254;536;195;452;321;754;895;501;321;594;168;534;303;512;703;108;731;652;529;213;605;219;604;400;702;334;946;0;320;414;639;659;685;714;538;174;439;187;314;66;240;679;377;535;210;355;439;486;426;460;179;416;434;146;349;816;488;474;170;514;351;353;300;512;356;226;404;428;464;73;331;588;446;547;256;228;207;319;770;576
966;889;1242;406;905;566;1124;358;595;417;300;457;662;523;177;864;1132;129;839;313;710;571;150;846;475;518;619;1074;1214;734;566;895;472;774;32;585;939;349;895;868;849;533;922;428;834;718;1017;650;1262;320;0;562;952;972;919;969;843;153;754;400;568;350;401;994;619;854;193;559;758;770;685;722;461;671;647;439;527;1134;694;737;159;740;397;643;486;832;606;452;684;678;784;250;354;790;667;867;73;163;294;115;961;812
406;847;852;636;488;513;712;442;628;578;352;526;854;65;608;518;725;557;287;379;632;65;601;723;276;130;329;779;879;225;183;501;504;267;530;141;404;520;336;1000;637;431;742;197;303;491;669;426;904;414;562;0;605;617;384;453;480;500;479;594;671;472;653;655;182;652;581;742;574;357;245;780;283;229;137;511;73;803;859;791;503;219;186;310;701;619;709;622;295;223;569;449;227;953;161;633;494;399;615;469;400;290
249;263;291;715;149;444;195;614;517;649;652;567;747;667;876;92;196;864;666;640;389;542;889;341;485;734;339;181;278;409;450;115;538;383;930;737;416;664;633;760;211;435;275;567;414;250;67;306;315;639;952;605;0;21;417;355;126;812;202;679;595;634;737;51;427;225;838;693;262;249;360;573;497;376;473;574;562;199;720;570;809;427;743;328;714;212;602;657;315;382;222;712;765;766;451;180;882;819;791;918;580;396
229;256;271;737;150;465;174;634;538;670;672;588;767;680;896;109;175;885;670;660;409;555;910;358;504;747;358;176;263;418;465;121;559;390;949;748;414;685;634;776;229;456;288;585;417;271;52;326;298;659;972;617;21;0;416;350;140;833;222;700;616;655;758;43;440;242;859;714;282;260;372;592;516;388;484;596;576;186;740;589;829;435;758;345;735;230;622;678;330;394;242;732;781;784;462;198;901;838;812;936;579;400
80;644;557;864;269;635;419;689;751;794;651;717;1005;445;922;375;434;884;278;663;678;353;923;700;491;495;404;590;632;187;366;307;686;151;889;462;20;765;226;1086;571;573;666;495;85;489;457;474;631;685;919;384;417;416;0;88;338;824;439;819;820;720;885;457;310;589;889;914;561;257;262;868;506;270;273;711;396;573;993;872;825;179;570;363;902;561;846;824;304;257;532;745;609;1066;252;549;847;758;888;840;164;109
55;560;471;877;214;633;334;713;743;806;689;726;997;517;957;329;350;923;365;696;656;414;960;662;520;571;413;519;550;238;405;255;694;196;940;542;75;786;310;1061;529;579;618;540;152;468;386;467;547;714;969;453;355;350;88;0;298;864;413;833;817;742;899;390;350;546;922;913;533;249;290;849;535;301;330;723;455;495;981;852;864;237;637;373;908;521;838;833;315;292;500;779;674;1048;307;504;896;809;913;896;236;164
293;381;402;644;94;377;282;519;472;575;543;492;718;541;781;41;289;764;562;535;366;416;792;364;371;609;224;301;404;292;325;61;460;272;820;614;343;577;537;766;233;348;329;446;315;187;192;217;437;538;843;480;126;140;338;298;0;709;129;604;549;543;667;176;301;250;744;648;238;126;235;559;383;250;349;495;436;325;698;560;707;312;618;206;656;224;564;590;189;258;203;611;641;758;328;211;772;704;707;802;499;292
897;753;1104;270;778;414;991;207;444;270;175;305;534;478;109;727;998;59;787;175;558;493;102;694;350;492;488;927;1069;637;460;764;319;675;144;559;843;198;834;736;699;385;770;331;740;573;876;507;1119;174;153;500;812;833;824;864;709;0;612;256;422;198;270;853;515;704;90;424;609;648;575;576;335;563;558;286;449;989;562;591;8;647;372;517;354;683;461;308;563;572;636;101;336;661;575;718;105;144;173;193;888;715
421;368;492;521;222;251;390;412;343;453;457;370;591;533;674;125;394;663;623;441;243;414;688;270;298;601;162;329;461;342;301;189;340;337;733;620;447;463;612;649;159;234;266;393;396;58;264;105;508;439;754;479;202;222;439;413;129;612;0;483;420;433;543;241;300;175;637;519;123;186;256;436;308;267;368;376;421;381;572;438;609;363;585;170;529;143;435;465;193;280;99;512;599;635;354;154;685;627;591;726;591;368
886;497;962;45;690;235;871;152;208;30;262;113;290;600;246;608;874;272;867;226;344;559;269;477;340;639;421;753;901;645;473;665;144;672;398;698;835;80;896;483;518;259;565;397;744;429;734;387;960;187;400;594;679;700;819;833;604;256;483;0;168;123;66;709;525;517;215;174;433;588;558;322;327;552;592;111;525;826;312;337;248;662;538;461;113;504;206;52;519;566;468;196;515;412;600;543;361;376;127;446;924;714
840;335;861;174;642;186;790;267;78;152;388;152;188;691;412;541;790;441;920;350;216;624;437;334;396;741;419;635;784;666;517;609;168;684;565;793;834;228;937;339;405;255;429;483;755;362;641;350;847;314;568;671;595;616;820;817;549;422;420;168;0;251;189;616;559;400;383;99;334;569;571;154;388;570;635;172;598;714;188;169;414;686;656;460;128;396;42;117;519;586;374;348;641;283;637;435;526;530;289;609;947;725
797;582;924;164;621;217;820;32;254;114;142;111;406;477;242;554;826;239;749;105;360;440;257;496;230;516;336;735;880;540;362;601;121;570;339;575;737;48;781;587;505;199;572;275;641;387;695;329;933;66;350;472;634;655;720;742;543;198;433;123;251;0;180;671;417;508;205;288;414;505;458;399;216;450;479;91;404;801;422;414;192;555;417;373;235;489;293;160;428;463;444;105;397;522;489;525;295;282;170;367;815;612
951;488;1018;22;754;293;931;211;246;93;312;176;264;655;232;669;933;272;929;278;388;620;258;516;404;691;486;803;952;710;537;728;208;737;404;752;901;133;959;467;568;323;608;456;809;489;791;450;1012;240;401;653;737;758;885;899;667;270;543;66;189;180;0;766;590;567;209;157;486;653;623;334;391;617;656;176;585;879;293;349;262;727;585;526;85;556;219;83;585;631;523;233;559;391;664;596;373;403;108;463;989;780
236;214;254;744;193;474;178;652;539;679;696;599;759;718;913;141;176;904;712;682;405;593;927;340;531;785;386;134;229;459;500;163;570;432;973;788;456;698;676;758;218;472;262;616;460;284;25;345;269;679;994;655;51;43;457;390;176;853;241;709;616;671;766;0;477;229;876;713;283;299;410;581;542;426;523;607;612;149;730;577;849;476;793;376;738;223;619;684;365;433;244;752;815;769;502;186;925;864;824;963;621;443
389;666;686;570;322;381;551;385;502;502;341;432;748;241;612;338;562;575;363;353;477;117;614;554;186;309;162;599;703;124;56;329;404;159;590;321;328;464;378;867;459;305;565;190;227;318;492;261;733;377;619;182;427;440;310;350;301;515;300;525;559;417;590;477;0;474;579;644;402;183;74;645;201;57;78;423;136;625;745;653;516;138;323;134;619;441;592;538;114;61;392;435;351;831;77;453;546;461;582;551;399;200
464;198;463;546;333;293;407;497;326;488;573;416;532;703;744;218;404;747;795;549;184;587;762;118;441;770;326;236;386;514;470;293;392;505;838;793;594;525;778;535;17;324;91;545;559;164;252;237;447;535;854;652;225;242;589;546;250;704;175;517;400;508;567;229;474;0;708;493;97;351;431;352;447;442;543;429;590;314;502;348;699;535;743;342;527;33;398;484;368;455;84;604;752;542;529;45;791;748;641;846;748;533
967;696;1129;214;819;415;1023;225;420;237;239;294;469;563;37;757;1029;65;868;226;547;569;55;683;402;581;530;938;1084;702;523;801;315;738;199;647;907;183;913;675;705;404;766;402;805;592;900;533;1138;210;193;581;838;859;889;922;744;90;637;215;383;205;209;876;579;708;0;366;616;695;633;535;387;622;628;279;526;1006;501;551;84;714;462;563;294;690;419;266;614;633;647;144;425;597;643;728;175;233;101;267;962;779
939;331;956;154;741;280;887;313;177;175;430;216;117;756;389;640;887;429;1001;393;309;699;415;416;472;801;511;725;874;755;598;708;241;775;561;856;928;252;1022;311;499;344;514;548;847;461;737;447;938;355;559;742;693;714;914;913;648;424;519;174;99;288;157;713;644;493;366;0;432;665;661;192;461;659;718;231;670;806;139;207;416;774;706;552;73;491;96;128;611;674;472;370;685;238;721;530;528;550;265;616;1037;817
510;283;532;465;331;202;456;402;256;403;476;327;488;622;652;219;456;653;741;452;130;510;670;152;348;687;245;322;470;460;390;293;301;458;742;714;570;434;733;529;90;227;178;454;519;84;308;149;527;439;758;574;262;282;561;533;238;609;123;433;334;414;486;283;402;97;616;432;0;308;369;322;353;378;475;339;509;394;464;322;604;481;653;268;455;74;340;404;305;392;40;509;660;520;464;112;695;652;553;749;713;491
298;507;504;631;141;384;370;477;497;560;474;479;751;420;731;167;381;705;445;473;421;295;738;454;298;487;169;427;522;168;218;146;447;154;743;489;268;546;428;829;334;331;437;351;211;233;312;219;550;486;770;357;249;260;257;249;126;648;186;588;569;505;653;299;183;351;695;665;308;0;112;611;312;129;224;477;319;446;737;615;646;188;506;133;659;320;592;585;86;134;283;555;533;809;203;318;697;620;675;715;405;183
340;611;614;602;249;387;477;427;507;533;399;457;759;308;667;274;489;634;373;406;461;183;671;521;231;375;153;535;635;97;119;258;427;114;657;379;279;503;373;862;415;318;521;258;187;286;424;243;662;426;685;245;360;372;262;290;235;575;256;558;571;458;623;410;74;431;633;661;369;112;0;640;247;17;116;450;208;558;752;647;575;118;396;114;644;399;600;565;64;24;354;489;425;832;98;405;612;529;627;621;376;157
816;183;807;322;653;268;759;412;157;306;530;293;185;809;563;540;756;594;1007;494;194;726;588;251;506;864;489;567;711;737;611;615;299;746;719;910;879;381;1013;223;363;349;348;604;814;381;604;399;778;460;722;780;573;592;868;849;559;576;436;322;154;399;334;581;645;352;535;192;322;611;640;0;501;643;723;314;708;651;150;16;568;758;789;527;257;361;116;270;580;659;360;500;778;199;720;395;680;681;439;762;1010;784
586;628;785;372;445;236;664;185;346;307;162;245;572;308;422;407;672;393;542;162;373;238;427;486;15;365;159;637;768;324;147;434;221;355;437;409;524;263;569;718;436;157;532;107;426;288;563;212;811;179;461;283;497;516;506;535;383;335;308;327;388;216;391;542;201;447;387;461;353;312;247;501;0;237;265;232;211;687;576;512;334;339;305;183;427;418;426;346;228;249;365;244;308;669;274;445;389;322;382;421;599;398
349;625;630;597;265;387;494;419;508;528;388;453;758;292;656;289;506;622;367;396;466;167;659;530;222;359;155;551;651;96;105;274;423;120;643;364;287;496;371;866;426;316;532;243;192;294;440;248;678;416;671;229;376;388;270;301;250;563;267;552;570;450;617;426;57;442;622;659;378;129;17;643;237;0;102;446;191;574;752;650;563;116;380;117;640;410;600;561;74;16;364;479;408;834;87;417;598;515;619;606;378;163
340;727;715;637;351;459;575;448;579;571;389;505;823;202;659;389;588;617;285;406;555;85;658;628;252;267;239;650;745;93;120;366;477;136;616;265;293;527;305;946;527;381;634;227;188;392;536;338;768;434;647;137;473;484;273;330;349;558;368;592;635;479;656;523;78;543;628;718;475;224;116;723;265;102;0;493;125;669;822;731;559;95;310;208;690;511;669;609;176;92;464;486;345;908;25;520;575;485;641;568;336;168
775;494;861;154;580;137;765;98;165;83;217;21;345;525;315;500;769;322;774;180;272;469;334;408;243;572;310;661;808;540;373;555;37;565;429;626;727;95;798;511;427;148;488;317;637;325;632;278;864;146;439;511;574;596;711;723;495;286;376;111;172;91;176;607;423;429;279;231;339;477;450;314;232;446;493;0;439;731;355;328;280;558;484;351;196;413;214;116;409;460;371;195;469;452;499;451;385;371;217;458;821;607
449;788;822;568;457;440;685;374;555;508;291;454;782;113;555;472;697;508;346;315;562;44;551;657;203;180;265;731;839;218;120;465;432;260;496;208;416;452;387;927;576;359;681;130;311;428;627;360;868;349;527;73;562;576;396;455;436;449;421;525;598;404;585;612;136;590;526;670;509;319;208;708;211;191;125;439;0;761;787;718;452;219;189;251;631;558;636;551;247;190;506;389;222;880;148;575;456;364;553;444;439;292
173;79;159;858;326;595;187;785;640;797;837;720;835;865;1042;290;173;1038;840;821;499;740;1058;400;676;932;533;85;81;600;649;304;694;570;1114;933;567;825;798;798;311;605;304;764;589;416;134;484;133;816;1134;803;199;186;573;495;325;989;381;826;714;801;879;149;625;314;1006;806;394;446;558;651;687;574;669;731;761;0;801;644;985;616;942;525;841;323;710;796;514;580;360;888;963;824;647;283;1066;1008;947;1107;731;575
966;195;958;292;792;365;909;444;245;310;564;337;44;879;521;683;906;565;1107;526;334;812;548;402;585;927;599;717;860;848;704;756;356;862;698;980;1005;389;1121;174;512;440;498;670;933;515;754;519;927;488;694;859;720;740;993;981;698;562;572;312;188;422;293;730;745;502;501;139;464;737;752;150;576;752;822;355;787;801;0;157;554;868;837;639;209;509;153;264;696;768;504;508;819;100;822;544;666;688;400;755;1127;902
811;168;801;338;653;278;755;426;169;321;544;307;194;820;578;540;752;609;1014;508;195;736;604;244;517;876;496;560;703;743;620;616;312;752;734;921;883;396;1020;216;360;359;340;615;819;384;600;405;770;474;737;791;570;589;872;852;560;591;438;337;169;414;349;577;653;348;551;207;322;615;647;16;512;650;731;328;718;644;157;0;584;764;802;533;273;358;132;285;586;665;360;515;792;198;727;392;696;696;455;777;1015;789
899;745;1100;262;776;409;988;202;437;262;175;299;526;482;104;724;995;59;790;174;552;495;99;688;349;498;486;922;1065;638;460;762;313;675;151;565;844;191;837;727;694;381;765;332;741;569;873;504;1116;170;159;503;809;829;825;864;707;8;609;248;414;192;262;849;516;699;84;416;604;646;575;568;334;563;559;280;452;985;554;584;0;648;378;515;346;678;454;301;562;573;631;97;342;652;576;714;113;152;165;201;890;716
253;690;645;706;291;503;503;523;623;638;475;566;874;284;746;353;517;706;260;489;578;178;747;632;324;343;270;608;688;22;193;314;537;49;710;327;199;602;256;980;519;431;623;317;94;399;485;360;705;514;740;219;427;435;179;237;312;647;363;662;686;555;727;476;138;535;714;774;481;188;118;758;339;116;95;558;219;616;868;764;648;0;400;231;753;504;716;673;179;100;462;571;437;950;73;505;668;579;720;662;264;73
571;933;1010;573;645;535;874;393;633;531;276;504;823;132;480;652;885;422;443;313;677;224;468;791;307;122;422;907;1022;402;293;651;491;445;365;190;590;458;504;995;730;460;830;200;487;579;810;505;1054;351;397;186;743;758;570;637;618;372;585;538;656;417;585;793;323;743;462;706;653;506;396;789;305;380;310;484;189;942;837;802;378;400;0;420;651;712;697;578;429;379;659;356;44;936;334;734;337;244;521;294;578;473
427;538;609;505;262;275;483;344;394;434;345;355;647;363;599;236;492;574;484;342;350;245;606;420;169;431;41;486;605;210;131;253;324;224;618;451;378;415;487;749;327;210;433;240;295;184;395;131;642;353;643;310;328;345;363;373;206;517;170;461;460;373;526;376;134;342;563;552;268;133;114;527;183;117;208;351;251;525;639;533;515;231;420;0;539;310;488;462;59;132;260;423;439;719;199;324;571;499;543;597;488;265
949;403;986;84;747;280;908;262;201;123;375;187;181;710;316;653;910;357;969;339;343;663;343;462;439;751;498;762;911;735;569;717;217;758;489;809;917;193;994;383;531;329;557;505;830;472;763;446;974;300;486;701;714;735;902;908;656;354;529;113;128;235;85;738;619;527;294;73;455;659;644;257;427;640;690;196;631;841;209;273;346;753;651;539;0;521;147;81;598;654;494;307;628;307;695;560;458;483;193;546;1016;800
458;230;465;536;310;275;400;476;320;475;547;400;537;671;727;193;399;727;763;525;182;555;744;141;412;738;294;249;397;482;438;270;375;474;815;760;566;508;748;552;18;300;123;515;529;133;247;207;456;512;832;619;212;230;561;521;224;683;143;504;396;489;556;223;441;33;690;491;74;320;399;361;418;410;511;413;558;323;509;358;678;504;712;310;521;0;397;474;336;423;53;582;722;554;496;39;768;723;626;821;719;502
850;294;860;207;657;213;795;309;95;192;430;194;159;731;447;553;794;478;954;392;215;660;472;320;434;782;448;629;777;696;551;624;208;712;604;832;859;269;969;298;404;288;418;522;783;377;644;373;841;356;606;709;602;622;846;838;564;461;435;206;42;293;219;619;592;398;419;96;340;592;600;116;426;600;669;214;636;710;153;132;454;716;697;488;147;397;0;154;546;616;380;390;683;243;669;435;566;572;323;649;977;753
880;445;936;63;679;214;851;185;165;47;302;108;246;632;295;590;853;324;888;265;305;582;320;435;358;675;421;720;869;656;489;652;139;679;450;731;840;124;914;433;486;254;526;425;752;410;709;376;929;226;452;622;657;678;824;833;590;308;465;52;117;160;83;684;538;484;266;128;404;585;565;270;346;561;609;116;551;796;264;285;301;673;578;462;81;474;154;0;522;575;441;244;557;364;615;513;413;426;173;498;937;722
370;554;584;563;225;333;453;399;451;493;389;414;705;355;649;225;463;621;437;390;399;231;656;457;214;422;101;485;593;158;136;224;383;167;658;433;318;471;435;802;352;269;458;266;237;222;381;181;625;404;684;295;315;330;304;315;189;563;193;519;519;428;585;365;114;368;614;611;305;86;64;580;228;74;176;409;247;514;696;586;562;179;429;59;598;336;546;522;0;87;290;472;453;774;161;344;611;534;598;630;432;207
337;635;633;611;268;403;495;432;523;542;397;468;774;286;667;297;507;631;352;407;482;162;670;544;234;353;170;559;656;81;113;279;438;107;650;356;275;509;355;881;439;331;545;250;178;309;446;263;682;428;678;223;382;394;257;292;258;572;280;566;586;463;631;433;61;455;633;674;392;134;24;659;249;16;92;460;190;580;768;665;573;100;379;132;654;423;616;575;87;0;377;489;409;850;74;429;606;521;631;611;363;149
470;282;494;502;294;235;416;429;296;438;496;361;528;620;684;181;416;682;722;475;170;504;700;171;359;686;242;291;437;441;387;256;334;435;766;710;540;465;711;563;72;251;174;461;494;80;269;154;493;464;784;569;222;242;532;500;203;636;99;468;374;444;523;244;392;84;647;472;40;283;354;360;365;364;464;371;506;360;504;360;631;462;659;260;494;53;380;441;290;377;0;535;669;558;450;83;719;672;587;770;687;466
824;683;1003;224;682;317;892;107;358;200;99;215;486;439;178;627;899;153;735;83;463;431;184;599;259;467;392;826;968;559;379;666;225;594;236;531;764;121;776;678;599;284;672;262;662;472;775;407;1018;73;250;449;712;732;745;779;611;101;512;196;348;105;233;752;435;604;144;370;509;555;489;500;244;479;486;195;389;888;508;515;97;571;356;423;307;582;390;244;472;489;535;0;327;608;501;618;191;182;168;263;821;636
615;935;1036;549;673;531;902;375;623;511;255;489;803;175;443;674;913;383;487;293;676;260;429;794;312;164;437;925;1043;438;317;677;480;481;322;232;629;435;548;980;741;458;839;208;526;590;832;515;1078;331;354;227;765;781;609;674;641;336;599;515;641;397;559;815;351;752;425;685;660;533;425;778;308;408;345;469;222;963;819;792;342;437;44;439;628;722;683;557;453;409;669;327;0;918;369;746;295;203;489;250;622;510
997;100;983;391;851;449;947;543;329;410;663;434;128;974;615;738;943;661;1193;625;393;903;642;431;677;1024;680;739;876;929;792;814;451;941;795;1075;1077;489;1204;84;554;528;521;765;1010;580;792;594;944;588;790;953;766;784;1066;1048;758;661;635;412;283;522;391;769;831;542;597;238;520;809;832;199;669;834;908;452;880;824;100;198;652;950;936;719;307;554;243;364;774;850;558;608;918;0;907;586;764;788;496;853;1205;980
324;708;690;645;328;458;551;458;579;578;404;509;825;227;675;369;564;634;287;420;548;110;675;616;260;291;232;629;722;69;127;344;481;112;637;286;272;537;300;942;513;382;619;244;167;380;513;330;745;446;667;161;451;462;252;307;328;575;354;600;637;489;664;502;77;529;643;721;464;203;98;720;274;87;25;499;148;647;822;727;576;73;334;199;695;496;669;615;161;74;450;501;369;907;0;504;595;506;653;590;325;145
422;214;426;575;291;313;364;512;359;514;579;439;573;687;764;176;362;764;763;558;221;568;781;163;438;755;313;211;358;484;455;250;413;472;850;774;554;545;744;580;32;334;119;539;523;158;210;233;417;547;867;633;180;198;549;504;211;718;154;543;435;525;596;186;453;45;728;530;112;318;405;395;445;417;520;451;575;283;544;392;714;505;734;324;560;39;435;513;344;429;83;618;746;586;504;0;802;754;665;853;710;498
900;858;1172;374;833;507;1053;297;546;374;230;404;637;459;174;793;1061;113;774;245;654;501;152;789;403;459;548;1007;1146;662;493;823;415;702;48;527;867;301;829;840;785;468;862;356;762;651;947;582;1194;256;73;494;882;901;847;896;772;105;685;361;526;295;373;925;546;791;175;528;695;697;612;680;389;598;575;385;456;1066;666;696;113;668;337;571;458;768;566;413;611;606;719;191;295;764;595;802;0;95;271;92;892;740
805;864;1106;399;758;477;982;275;536;382;176;392;664;364;245;728;991;183;679;203;628;408;228;760;334;366;480;954;1089;573;410;752;396;614;132;434;777;303;734;859;740;426;824;272;672;599;885;527;1133;228;163;399;819;838;758;809;704;144;627;376;530;282;403;864;461;748;233;550;652;620;529;681;322;515;485;371;364;1008;688;696;152;579;244;499;483;723;572;426;534;521;672;182;203;788;506;754;95;0;314;99;798;651
967;595;1078;116;788;352;981;200;335;154;264;227;368;607;124;715;985;165;899;237;470;592;150;604;397;634;506;875;1023;706;527;767;254;738;299;698;906;130;937;574;640;359;692;423;808;541;849;491;1080;207;294;615;791;812;888;913;707;173;591;127;289;170;108;824;582;641;101;265;553;675;627;439;382;619;641;217;553;947;400;455;165;720;521;543;193;626;323;173;598;631;587;168;489;496;653;665;271;314;0;363;977;780
865;943;1204;462;854;571;1080;364;622;457;274;478;727;424;264;827;1089;204;737;299;721;487;241;854;432;412;579;1053;1188;658;502;849;485;700;86;478;860;381;797;928;839;523;921;365;755;698;984;626;1232;319;115;469;918;936;840;896;802;193;726;446;609;367;463;963;551;846;267;616;749;715;621;762;421;606;568;458;444;1107;755;777;201;662;294;597;546;821;649;498;630;611;770;263;250;853;590;853;92;99;363;0;868;735
