QTD_PONTOS;100
QTD_VENDEDORES;8
461;101;0;397;897;535;168;483;546;767;489;920;463;768;277;732;351;115;809;900;822;589;404;540;147;721;915;205;504;892;557;774;281;814;525;807;30;752;721;944;859;182;415;847;957;369;750;503;518;392;634;424;211;267;653;380;501;327;651;157;75;723;170;163;763;781;229;327;356;381;218;990;762;854;272;353;883;688;620;509;116;509;451;496;256;1001;276;971;672;290;762;272;720;842;483;87;198;650;46;333;789;524
841;216;397;0;646;272;446;623;617;499;721;777;67;715;348;492;103;449;986;736;569;630;748;589;257;746;680;477;217;694;697;635;324;523;698;821;367;579;863;1077;769;575;240;762;1086;337;905;416;215;102;566;246;528;635;498;150;254;417;636;285;334;536;293;430;635;827;210;411;651;580;545;739;647;991;649;62;874;652;450;374;501;113;394;350;616;1138;415;771;425;531;590;204;491;571;357;348;584;660;352;421;742;341
950;853;897;646;0;384;814;689;592;148;849;264;605;410;641;166;601;863;911;209;78;550;1033;560;768;548;47;813;818;127;709;247;628;144;756;558;871;197;782;901;359;1013;486;365;900;541;826;424;804;568;385;476;874;1001;275;548;413;634;464;741;824;198;889;802;267;612;680;628;902;755;892;95;291;849;1026;704;544;430;289;395;1012;588;475;404;976;949;684;163;230;792;195;633;177;83;421;812;1001;506;870;630;427;373
830;488;535;272;384;0;491;512;461;241;652;508;248;476;323;223;217;527;846;465;306;452;766;426;395;541;413;504;472;422;569;370;302;281;592;603;506;309;712;904;513;677;126;507;910;240;758;218;463;185;337;119;567;694;238;165;34;354;424;379;460;266;507;477;373;624;308;347;643;520;586;478;389;825;715;326;641;426;190;158;651;250;232;139;670;963;387;500;156;516;320;263;220;317;159;454;673;459;502;354;503;103
397;256;168;446;814;491;0;317;387;700;328;797;502;626;174;654;366;62;643;783;744;434;302;386;206;564;824;40;606;788;390;656;192;754;358;649;168;647;553;776;722;200;366;709;789;273;583;395;615;400;504;373;83;204;550;369;458;191;505;162;154;625;315;16;643;619;237;194;214;213;101;903;637;686;224;422;727;545;526;419;240;546;341;413;181;834;136;864;603;124;656;258;639;771;394;123;187;498;188;195;644;450
324;564;483;623;689;512;317;0;107;625;159;578;655;370;282;565;521;376;363;584;639;161;370;132;469;268;682;284;828;618;78;467;303;688;81;348;478;494;249;473;475;472;422;461;484;295;287;306;831;536;308;422;311;400;421;487;489;208;255;410;451;493;609;320;448;308;441;214;248;114;320;762;432;383;425;629;430;299;426;364;551;687;280;377;378;533;231;681;542;204;498;425;545;679;354;419;444;228;495;204;380;420
396;643;546;617;592;461;387;107;0;541;261;471;638;265;304;479;514;449;385;478;547;54;477;36;505;177;582;360;830;515;119;363;319;603;164;262;536;395;253;461;369;561;393;355;470;280;298;244;830;521;208;390;399;498;331;471;443;232;148;447;502;399;652;386;344;236;459;235;353;210;410;661;327;375;524;633;341;193;344;304;627;665;235;322;476;522;273;576;465;291;399;433;458;588;302;472;536;123;550;226;276;361
933;706;767;499;148;241;700;625;541;0;783;350;457;424;525;62;457;744;896;295;73;508;943;505;633;542;185;704;672;226;660;263;509;63;699;575;740;190;762;912;408;896;352;409;914;428;808;330;658;423;345;343;767;895;211;407;272;531;438;610;693;158;748;687;279;618;544;525;813;672;786;240;304;849;919;557;581;416;200;287;883;441;375;288;871;966;577;291;97;695;196;499;83;76;309;684;887;481;737;529;447;250
178;500;489;721;849;652;328;159;261;783;0;727;763;514;374;723;623;374;323;738;798;311;242;290;522;391;840;288;911;775;162;624;399;845;104;459;494;653;262;469;618;418;549;604;483;420;278;458;917;646;466;551;282;319;580;600;626;312;406;467;481;652;643;338;605;405;520;318;155;142;281;921;587;383;341;715;541;450;583;513;525;800;425;523;305;523;307;836;697;207;657;517;703;837;500;450;386;373;515;309;519;567
721;984;920;777;264;508;797;578;471;350;727;0;755;217;643;315;703;855;707;56;290;418;947;449;819;358;221;784;979;137;569;149;640;383;624;336;900;198;591;667;122;994;560;134;664;554;629;419;969;681;294;551;837;953;284;645;523;607;323;776;855;243;961;790;157;399;738;604;821;672;852;270;160;630;978;826;299;279;330;428;1026;752;470;448;929;709;661;137;370;736;188;693;306;327;453;834;974;354;906;601;220;442
899;250;463;67;605;248;502;655;638;457;763;755;0;712;389;458;141;509;1015;711;530;646;804;608;321;756;641;531;224;663;726;618;364;476;733;827;433;557;888;1098;758;639;248;751;1107;362;932;422;215;119;565;253;585;695;484;169;237;454;642;344;398;513;360;486;620;838;265;447;703;621;602;696;634;1014;710;125;875;654;435;373;567;46;407;348;676;1159;458;738;393;580;568;251;460;527;360;410;647;670;418;457;739;332
540;865;768;715;410;476;626;370;265;424;514;217;712;0;495;367;624;687;504;239;395;210;741;250;691;144;383;606;931;299;354;167;499;479;410;151;752;235;381;493;105;814;477;91;494;423;422;304;925;613;151;470;652;760;246;568;477;442;122;639;711;267;839;621;148;202;621;441;618;473;666;453;122;439;786;752;167;80;290;342;864;723;342;366;737;544;495;341;391;547;231;582;348;440;359;685;791;143;762;436;27;381
529;370;277;348;641;323;174;282;304;525;374;643;389;495;0;480;249;222;645;624;570;336;445;287;202;467;653;182;547;621;359;498;25;580;353;552;258;481;530;751;583;372;200;571;762;99;569;229;550;272;357;206;245;373;382;229;291;75;382;147;216;455;352;162;486;537;159;70;327;233;264;731;485;662;395;348;622;416;355;245;383;427;175;238;349;812;70;699;429;199;490;145;465;597;220;192;362;388;267;80;517;275
871;707;732;492;166;223;654;565;479;62;723;315;458;367;480;0;439;701;834;264;91;446;889;444;602;481;191;656;678;206;598;211;466;124;639;516;705;136;700;852;360;852;320;359;855;381;746;275;666;407;283;310;719;846;149;385;249;480;377;575;658;99;725;642;224;558;514;474;759;616;737;260;249;788;870;548;527;355;141;237;847;448;323;242;822;906;528;280;67;643;144;467;21;118;261;647;842;419;704;477;391;208
762;282;351;103;601;217;366;521;514;457;623;703;141;624;249;439;0;379;883;666;523;528;667;487;205;647;630;393;317;632;594;557;224;493;597;724;321;508;760;975;684;518;148;676;984;234;802;321;316;41;473;155;449;564;420;58;189;316;539;213;280;467;293;350;555;727;132;310;563;482;466;695;564;888;580;128;779;557;374;285;464;182;294;261;543;1036;318;712;372;439;519;111;434;532;265;285;522;561;311;320;650;262
393;194;115;449;863;527;62;376;449;744;374;855;509;687;222;701;379;0;694;840;791;496;308;448;195;626;875;93;590;842;448;713;236;797;413;711;124;702;609;831;783;152;401;770;844;322;637;449;601;417;563;409;99;186;604;391;493;249;567;166;126;677;277;66;700;680;248;252;244;270;109;954;696;741;201;417;790;607;577;468;178;555;395;460;168;888;195;919;647;178;710;278;687;817;442;103;147;560;145;254;705;494
41;792;809;986;911;846;643;363;385;896;323;707;1015;504;645;834;883;694;0;740;885;398;522;420;823;363;887;605;1191;804;289;664;667;957;294;371;811;722;135;162;584;737;774;573;177;653;89;628;1194;896;551;772;604;632;687;846;828;572;458;765;793;741;955;652;644;308;803;577;474;435;604;958;620;102;651;993;426;484;712;688;848;1045;620;707;621;206;589;840;834;520;721;788;813;929;687;761;704;415;831;567;492;745
764;948;900;736;209;465;783;584;478;295;738;56;711;239;624;264;666;840;740;0;234;427;950;453;792;383;168;773;934;81;582;127;619;327;636;372;878;158;620;709;160;982;526;169;707;531;660;396;924;642;286;516;828;947;252;608;483;593;332;751;832;200;931;775;142;433;709;590;822;672;844;223;153;667;973;786;344;289;294;398;1007;706;449;417;923;754;647;102;322;731;147;664;256;271;424;813;964;367;882;588;248;406
926;779;822;569;78;306;744;639;547;73;798;290;530;395;570;91;523;791;885;234;0;509;973;513;692;525;112;745;745;159;666;229;556;93;709;547;795;163;753;888;364;942;409;367;889;471;798;359;732;490;343;400;807;935;219;471;335;567;430;665;748;148;812;732;248;595;603;562;842;697;825;172;273;831;959;627;544;401;224;325;937;514;409;332;910;939;616;219;153;729;165;557;105;45;350;737;931;473;794;564;416;299
425;689;589;630;550;452;434;161;54;508;311;418;646;210;336;446;528;496;398;427;509;0;531;49;538;133;536;409;846;467;160;315;348;571;210;218;577;353;262;455;315;613;398;301;462;297;309;235;845;531;166;394;450;552;297;481;438;268;95;481;541;361;687;432;295;203;485;269;408;264;462;616;277;374;578;651;294;139;317;294;674;669;239;315;529;515;314;526;439;342;355;456;425;551;296;513;587;68;591;262;221;350
95;273;404;748;1033;766;302;370;477;943;242;947;804;741;445;889;667;308;522;950;973;531;0;498;501;628;1032;274;898;977;399;829;468;1003;342;699;424;845;495;681;845;257;645;831;696;528;501;614;909;700;667;650;220;144;759;664;734;416;625;463;434;835;574;318;811;646;539;422;131;280;204;1114;798;602;152;722;782;669;750;657;385;848;568;660;150;728;379;1045;850;251;851;557;871;1007;637;410;225;598;445;417;749;702
432;640;540;589;560;426;386;132;36;505;290;449;608;250;287;444;487;448;420;453;513;49;498;0;489;182;551;362;804;486;155;335;300;568;196;268;528;363;286;490;353;567;362;339;498;254;332;208;803;492;176;359;405;510;296;442;409;219;129;432;492;366;638;383;316;250;438;220;372;224;417;631;301;406;536;608;343;173;308;269;626;634;203;287;487;551;264;549;429;298;367;410;423;554;267;463;543;113;541;212;264;326
587;176;147;257;768;395;206;469;505;633;522;819;321;691;202;602;205;195;823;792;692;538;501;489;0;670;790;243;400;775;547;670;193;677;529;754;116;639;717;942;772;319;282;761;953;269;753;401;409;245;546;292;284;380;541;235;362;272;582;59;77;605;150;192;662;739;89;270;420;390;298;862;665;851;392;222;824;613;503;394;260;367;353;377;363;1002;238;855;540;316;649;135;593;708;368;92;327;590;108;278;714;399
403;820;721;746;548;541;564;268;177;542;391;358;756;144;467;481;647;626;363;383;525;133;628;182;670;0;524;537;963;442;230;301;478;601;287;85;710;361;237;373;238;737;509;225;376;421;279;334;961;645;209;503;574;667;341;596;533;401;117;613;674;385;819;563;281;83;614;402;514;380;585;596;257;307;693;772;164;127;375;388;804;774;353;411;646;429;447;485;492;466;360;582;461;569;397;646;710;86;724;395;138;439
922;891;915;680;47;413;824;682;582;185;840;221;641;383;653;191;630;875;887;168;112;536;1032;551;790;524;0;821;857;88;696;225;641;190;745;528;889;188;760;869;323;1024;508;330;868;554;803;430;844;598;374;499;881;1007;277;575;440;640;447;759;842;200;915;813;245;584;702;635;902;753;899;81;268;821;1032;737;508;411;298;408;1028;626;483;419;982;916;692;115;257;795;184;655;198;128;434;829;1011;488;890;636;398;391
369;284;205;477;813;504;40;284;360;704;288;784;531;606;182;656;393;93;605;773;745;409;274;362;243;537;821;0;642;781;355;646;202;761;321;622;207;641;517;739;704;210;380;691;752;277;545;391;651;426;490;386;63;191;546;391;471;182;484;196;193;621;354;52;631;589;267;186;178;177;82;901;624;649;214;456;701;526;525;420;268;574;338;416;167;796;129;856;608;85;649;283;641;774;396;163;191;475;227;186;623;455
961;35;504;217;818;472;606;828;830;672;911;979;224;931;547;678;317;590;1191;934;745;846;898;804;400;963;857;642;0;884;904;841;525;682;900;1038;480;781;1072;1290;980;685;457;973;1299;550;1113;633;21;319;782;463;683;768;707;367;460;620;853;448;464;736;346;591;843;1043;392;614;820;772;696;905;857;1202;776;199;1091;868;658;589;579;231;611;565;754;1351;607;958;614;710;791;403;681;737;573;488;703;877;459;624;958;553
836;910;892;694;127;422;788;618;515;226;775;137;663;299;621;206;632;842;804;81;159;467;977;486;775;442;88;781;884;0;626;151;613;251;677;442;868;140;679;782;235;988;499;243;781;524;721;393;872;604;311;490;839;962;239;576;444;599;374;739;821;170;908;778;171;499;689;595;847;697;856;154;191;736;987;747;420;335;272;383;1003;654;447;398;937;828;653;80;270;747;132;643;203;192;409;805;972;414;871;595;313;379
278;627;557;697;709;569;390;78;119;660;162;569;726;354;359;598;594;448;289;582;666;160;399;155;547;230;696;355;904;626;0;475;380;723;57;301;553;512;171;395;458;533;488;443;406;365;209;356;906;607;324;487;376;451;450;558;549;285;252;488;527;518;686;394;454;252;518;290;290;179;382;775;435;305;475;705;384;294;463;416;620;757;338;432;431;455;309;683;583;272;514;501;578;707;410;496;503;215;571;280;358;473
704;836;774;635;247;370;656;467;363;263;624;149;618;167;498;211;557;713;664;127;229;315;829;335;670;301;225;646;841;151;475;0;493;315;526;318;753;75;536;659;150;855;412;149;660;406;579;271;833;537;163;404;701;821;137;499;382;466;224;628;707;116;812;648;21;368;589;463;700;550;718;302;45;604;847;681;318;186;185;279;881;619;324;300;797;710;520;216;250;605;68;544;195;274;304;688;837;264;758;461;187;296
554;366;281;324;628;302;192;303;319;509;399;640;364;499;25;466;224;236;667;619;556;348;468;300;193;478;641;202;525;613;380;493;0;563;376;562;260;473;550;770;584;387;178;572;781;89;589;222;528;247;358;184;265;393;374;204;269;95;389;140;215;445;342;178;483;550;140;90;352;257;284;719;483;681;414;326;631;421;344;233;390;402;170;224;369;831;96;691;412;224;482;122;452;581;207;194;378;398;266;100;522;259
995;716;814;523;144;281;754;688;603;63;845;383;476;479;580;124;493;797;957;327;93;571;1003;568;677;601;190;761;682;251;723;315;563;0;762;630;786;244;823;969;455;948;400;457;971;484;869;391;667;456;407;391;823;952;273;446;314;590;499;658;740;217;785;741;332;675;589;584;874;734;842;224;357;908;975;583;632;475;262;346;930;454;435;346;927;1022;634;304;154;754;248;544;145;61;367;732;941;542;783;588;501;306
245;580;525;698;756;592;358;81;164;699;104;624;733;410;353;639;597;413;294;636;709;210;342;196;529;287;745;321;900;677;57;526;376;762;0;358;525;559;196;419;514;487;502;500;431;374;226;385;904;613;371;502;334;400;492;565;569;281;305;471;502;562;664;364;506;306;509;287;237;145;339;825;487;328;424;701;440;348;501;444;580;766;361;457;382;477;295;736;619;236;562;497;618;750;435;471;456;270;543;277;415;499
394;905;807;821;558;603;649;348;262;575;459;336;827;151;552;516;724;711;371;372;547;218;699;268;754;85;528;622;1038;442;301;318;562;630;358;0;796;387;263;342;214;819;582;204;343;502;297;406;1035;719;267;576;657;747;387;671;599;486;185;698;759;417;903;648;299;65;697;487;590;462;667;594;274;295;772;850;83;177;427;456;889;843;430;479;726;393;532;471;536;549;382;663;497;591;467;731;792;165;809;480;131;503
488;115;30;367;871;506;168;478;536;740;494;900;433;752;258;705;321;124;811;878;795;577;424;528;116;710;889;207;480;868;553;753;260;786;525;796;0;729;720;943;841;210;388;829;956;347;750;481;492;361;615;397;222;289;630;350;472;312;636;130;47;698;153;161;742;772;200;312;367;380;231;964;742;853;296;325;871;672;596;485;145;479;429;471;276;1001;264;947;645;292;739;243;694;815;459;66;224;637;22;318;773;498
763;790;752;579;197;309;647;494;395;190;653;198;557;235;481;136;508;702;722;158;163;353;845;363;639;361;188;641;781;140;512;75;473;244;559;387;729;0;591;727;224;848;368;223;728;384;635;253;771;484;188;359;700;824;99;450;325;460;269;601;682;45;775;638;89;433;554;455;714;565;717;270;114;667;849;629;392;238;137;245;863;555;307;262;799;779;513;219;178;610;11;508;120;208;271;665;832;311;732;456;258;248
173;762;721;863;782;712;553;249;253;762;262;591;888;381;530;700;760;609;135;620;753;262;495;286;717;237;760;517;1072;679;171;536;550;823;196;263;720;591;0;225;469;676;645;457;236;527;46;494;1074;770;417;643;528;581;552;720;696;455;324;659;696;608;856;559;516;198;688;460;416;340;532;833;492;134;603;874;333;353;577;554;775;916;488;573;565;284;480;721;699;432;590;670;679;797;554;664;644;281;738;450;373;611
55;953;944;1077;901;904;776;473;461;912;469;667;1098;493;751;852;975;831;162;709;888;455;681;490;942;373;869;739;1290;782;395;659;770;969;419;342;943;727;225;0;549;888;851;540;15;741;194;688;1291;982;581;848;746;786;713;931;892;677;486;883;920;754;1080;783;641;294;910;681;624;564;748;932;615;91;806;1092;368;499;747;747;992;1123;692;768;773;61;704;804;864;654;723;889;832;933;751;889;855;447;962;672;474;801
604;948;859;769;359;513;722;475;369;408;618;122;758;105;583;360;684;783;584;160;364;315;845;353;772;238;323;704;980;235;458;150;584;455;514;214;841;224;469;549;0;914;537;14;547;503;507;374;973;669;227;529;753;863;275;627;521;535;224;724;798;266;919;717;142;277;698;534;722;577;767;383;124;508;889;811;185;180;323;400;958;763;419;423;839;594;589;257;400;649;216;656;344;406;421;775;891;248;850;530;101;428
279;94;182;575;1013;677;200;472;561;896;418;994;639;814;372;852;518;152;737;982;942;613;257;567;319;737;1024;210;685;988;533;855;387;948;487;819;210;848;676;888;914;0;552;900;902;472;696;595;698;557;700;560;163;114;751;537;643;389;692;307;242;825;342;211;841;780;388;393;264;358;152;1103;835;801;106;534;900;734;726;618;129;686;542;610;118;941;335;1064;799;271;856;423;838;968;593;233;34;680;228;394;830;646
722;424;415;240;486;126;366;422;393;352;549;560;248;477;200;320;148;401;774;526;409;398;645;362;282;509;508;380;457;499;488;412;178;400;502;582;388;368;645;851;537;552;0;528;859;130;689;177;453;137;327;9;442;569;276;91;92;241;397;258;341;330;409;351;409;590;194;234;525;412;461;580;418;767;590;275;634;412;232;137;531;272;159;114;546;912;267;579;258;397;379;148;311;427;118;333;548;423;386;242;504;121
595;937;847;762;365;507;709;461;355;409;604;134;751;91;571;359;676;770;573;169;367;301;831;339;761;225;330;691;973;243;443;149;572;457;500;204;829;223;457;540;14;900;528;0;539;492;495;364;966;661;215;520;739;849;269;618;514;523;210;712;786;264;908;704;138;265;687;521;708;563;753;392;119;498;875;803;179;166;317;391;945;757;408;415;826;586;576;268;398;635;215;646;343;410;412;763;878;233;838;517;87;421
57;968;957;1086;900;910;789;484;470;914;483;664;1107;494;762;855;984;844;177;707;889;462;696;498;953;376;868;752;1299;781;406;660;781;971;431;343;956;728;236;15;547;902;859;539;0;750;208;695;1300;990;585;856;760;800;717;940;899;687;491;894;932;756;1092;795;642;297;920;692;638;576;762;930;616;103;821;1102;365;502;751;753;1006;1131;700;775;787;53;715;801;868;666;725;899;835;934;757;901;869;452;974;682;474;807
594;445;369;337;541;240;273;295;280;428;420;554;362;423;99;381;234;322;653;531;471;297;528;254;269;421;554;277;550;524;365;406;89;484;374;502;347;384;527;741;503;472;130;492;750;0;570;135;550;243;277;132;340;468;285;193;210;114;321;222;301;357;417;261;396;498;198;108;403;283;358;632;397;654;491;355;565;348;256;146;479;393;84;140;443;801;151;603;331;277;394;162;366;498;121;282;460;337;352;115;448;178
128;773;750;905;826;758;583;287;298;808;278;629;932;422;569;746;802;637;89;660;798;309;501;332;753;279;803;545;1113;721;209;579;589;869;226;297;750;635;46;194;507;696;689;495;208;570;0;540;1115;813;463;687;552;596;598;763;741;494;370;695;728;653;889;589;559;232;727;499;433;370;554;875;535;106;618;914;361;397;623;600;798;960;533;619;582;251;516;761;745;460;635;710;725;842;599;697;663;327;769;489;412;657
630;575;503;416;424;218;395;306;244;330;458;419;422;304;229;275;321;449;628;396;359;235;614;208;401;334;430;391;633;393;356;271;222;391;385;406;481;253;494;688;374;595;177;364;695;135;540;0;630;314;153;171;451;577;155;267;204;210;221;357;436;230;546;385;262;417;324;205;484;342;469;511;264;608;602;449;458;236;136;61;612;441;54;80;553;748;262;471;240;369;262;282;257;393;63;416;581;249;487;207;330;117
976;49;518;215;804;463;615;831;830;658;917;969;215;925;550;666;316;601;1194;924;732;845;909;803;409;961;844;651;21;872;906;833;528;667;904;1035;492;771;1074;1291;973;698;453;966;1300;550;1115;630;0;316;777;459;693;780;699;365;452;623;850;456;475;727;362;600;835;1041;397;617;828;777;707;891;849;1203;789;202;1086;864;650;584;595;219;609;560;766;1351;612;945;603;717;782;406;670;723;569;499;716;875;472;627;952;546
794;307;392;102;568;185;400;536;521;423;646;681;119;613;272;407;41;417;896;642;490;531;700;492;245;645;598;426;319;604;607;537;247;456;613;719;361;484;770;982;669;557;137;661;990;243;813;314;316;0;463;144;483;600;400;50;160;335;534;251;319;442;331;384;535;726;170;329;592;504;501;662;547;896;617;145;772;549;352;272;504;155;294;248;579;1042;342;683;341;467;495;143;404;497;254;324;561;559;352;338;640;241
588;722;634;566;385;337;504;308;208;345;466;294;565;151;357;283;473;563;551;286;343;166;667;176;546;209;374;490;782;311;324;163;358;407;371;267;615;188;417;581;227;700;327;215;585;277;463;153;777;463;0;320;543;661;136;417;334;314;96;497;572;195;694;497;145;292;473;311;537;388;559;455;135;510;687;601;309;90;166;193;735;579;194;217;637;638;368;378;285;445;191;433;262;385;209;549;680;137;623;309;177;237
725;433;424;246;476;119;373;422;390;343;551;551;253;470;206;310;155;409;772;516;400;394;650;359;292;503;499;386;463;490;487;404;184;391;502;576;397;359;643;848;529;560;9;520;856;132;687;171;459;144;320;0;449;576;267;98;85;244;391;267;350;321;419;358;400;585;203;237;529;414;467;571;409;765;597;283;628;406;223;129;540;275;156;106;552;908;272;570;249;402;370;157;301;418;111;341;555;418;395;245;497;111
314;253;211;528;874;567;83;311;399;767;282;837;585;652;245;719;449;99;604;828;807;450;220;405;284;574;881;63;683;839;376;701;265;823;334;657;222;700;528;746;753;163;442;739;760;340;552;451;693;483;543;449;0;128;605;450;534;241;531;244;222;681;375;99;686;619;320;246;145;198;19;962;678;657;152;503;738;573;586;482;247;629;399;479;104;802;191;914;671;108;708;340;702;836;458;195;138;517;244;245;668;518
207;182;267;635;1001;694;204;400;498;895;319;953;695;760;373;846;564;186;632;947;935;552;144;510;380;667;1007;191;768;962;451;821;393;952;400;747;289;824;581;786;863;114;569;849;800;468;596;577;780;600;661;576;128;0;730;571;661;368;639;352;307;807;436;219;805;702;433;373;165;288;110;1088;796;701;26;602;829;683;713;610;241;741;526;607;25;837;319;1035;799;216;831;459;830;965;587;288;81;620;310;371;773;646
722;700;653;498;275;238;550;421;331;211;580;284;484;246;382;149;420;604;687;252;219;297;759;296;541;341;277;546;707;239;450;137;374;273;492;387;630;99;552;713;275;751;276;269;717;285;598;155;699;400;136;267;605;730;0;362;247;364;231;502;584;77;679;540;136;421;458;360;628;481;623;358;151;645;755;544;412;215;48;147;764;488;209;165;706;769;417;318;151;519;109;412;128;258;173;566;736;273;634;360;272;158
756;340;380;150;548;165;369;487;471;407;600;645;169;568;229;385;58;391;846;608;471;481;664;442;235;596;575;391;367;576;558;499;204;446;565;671;350;450;720;931;627;537;91;618;940;193;763;267;365;50;417;98;450;571;362;0;135;288;486;230;305;410;341;353;496;677;151;282;553;459;469;643;506;846;589;185;725;502;315;227;495;201;244;204;549;992;299;655;319;426;461;114;379;482;209;306;537;510;343;291;594;203
803;467;501;254;413;34;458;489;443;272;626;523;237;477;291;249;189;493;828;483;335;438;734;409;362;533;440;471;460;444;549;382;269;314;569;599;472;325;696;892;521;643;92;514;899;210;741;204;452;160;334;85;534;661;247;135;0;324;417;345;426;283;477;443;383;617;274;318;612;492;553;508;397;812;682;304;641;423;198;146;617;246;210;124;637;952;356;523;183;485;337;230;245;348;142;420;639;450;468;325;504;97
481;427;327;417;634;354;191;208;232;531;312;607;454;442;75;480;316;249;572;593;567;268;416;219;272;401;640;182;620;599;285;466;95;590;281;486;312;460;455;677;535;389;241;523;687;114;494;210;623;335;314;244;241;368;364;288;324;0;324;215;274;440;420;183;452;467;233;7;289;172;259;721;447;587;392;421;559;362;345;244;423;490;158;245;343;737;55;675;436;165;468;217;463;598;223;246;373;325;324;6;462;287
497;751;651;636;464;424;505;255;148;438;406;323;642;122;382;377;539;567;458;332;430;95;625;129;582;117;447;484;853;374;252;224;389;499;305;185;636;269;324;486;224;692;397;210;491;321;370;221;850;534;96;391;531;639;231;486;417;324;0;528;596;284;732;501;203;200;518;324;500;353;544;525;183;415;665;666;244;45;261;272;744;660;246;296;615;543;376;431;380;425;270;483;356;473;283;570;669;43;647;318;139;322
556;226;157;285;741;379;162;410;447;610;467;776;344;639;147;575;213;166;765;751;665;481;463;432;59;613;759;196;448;739;488;628;140;658;471;698;130;601;659;883;724;307;258;712;894;222;695;357;456;251;497;267;244;352;502;230;345;215;528;0;83;569;206;146;618;682;82;212;373;333;260;834;620;793;367;261;769;561;467;356;273;389;306;342;332;943;179;819;515;263;611;118;564;685;330;76;309;535;131;221;662;368
513;155;75;334;824;460;154;451;502;693;481;855;398;711;216;658;280;126;793;832;748;541;434;492;77;674;842;193;464;821;527;707;215;740;502;759;47;682;696;920;798;242;341;786;932;301;728;436;475;319;572;350;222;307;584;305;426;274;596;83;0;652;162;143;697;738;154;273;365;358;234;917;697;830;318;296;833;631;549;438;191;444;384;424;291;979;228;901;598;275;692;197;647;768;412;32;251;599;51;280;732;451
781;749;723;536;198;266;625;493;399;158;652;243;513;267;455;99;467;677;741;200;148;361;835;366;605;385;200;621;736;170;518;116;445;217;562;417;698;45;608;754;266;825;330;264;756;357;653;230;727;442;195;321;681;807;77;410;283;440;284;569;652;0;739;614;127;460;519;435;704;557;699;281;150;692;832;587;429;259;103;213;835;510;284;228;782;808;492;250;134;596;55;473;81;190;240;636;811;327;701;436;292;209
615;29;170;293;889;507;315;609;652;748;643;961;360;839;352;725;293;277;955;931;812;687;574;638;150;819;915;354;346;908;686;812;342;785;664;903;153;775;856;1080;919;342;409;908;1092;417;889;546;362;331;694;419;375;436;679;341;477;420;732;206;162;739;0;305;805;887;223;418;520;520;384;984;809;990;440;236;973;762;638;533;233;404;500;514;425;1140;381;988;660;437;786;268;718;823;508;194;364;740;131;426;863;530
413;257;163;430;802;477;16;320;386;687;338;790;486;621;162;642;350;66;652;775;732;432;318;383;192;563;813;52;591;778;394;648;178;741;364;648;161;638;559;783;717;211;351;704;795;261;589;385;600;384;497;358;99;219;540;353;443;183;501;146;143;614;305;0;635;620;221;186;228;219;117;892;630;692;239;407;726;541;515;407;243;530;331;400;197;841;129;855;590;132;646;242;627;759;382;112;200;496;180;188;640;437
684;831;763;635;267;373;643;448;344;279;605;157;620;148;486;224;555;700;644;142;248;295;811;316;662;281;245;631;843;171;454;21;483;332;506;299;742;89;516;641;142;841;409;138;642;396;559;262;835;535;145;400;686;805;136;496;383;452;203;618;697;127;805;635;0;348;582;449;682;532;702;322;26;585;831;680;303;165;185;274;869;622;313;295;781;692;507;234;260;589;84;538;207;292;298;677;822;244;748;447;170;294
338;872;781;827;612;624;619;308;236;618;405;399;838;202;537;558;727;680;308;433;595;203;646;250;739;83;584;589;1043;499;252;368;550;675;306;65;772;433;198;294;277;780;590;265;297;498;232;417;1041;726;292;585;619;702;421;677;617;467;200;682;738;460;887;620;348;0;688;470;542;422;628;653;323;237;727;851;139;206;457;471;857;857;433;494;682;349;510;533;572;512;430;658;538;640;479;709;752;168;786;461;187;522
634;251;229;210;680;308;237;441;459;544;520;738;265;621;159;514;132;248;803;709;603;485;539;438;89;614;702;267;392;689;518;589;140;589;509;697;200;554;688;910;698;388;194;687;920;198;727;324;397;170;473;203;320;433;458;151;274;233;518;82;154;519;223;221;582;688;0;229;442;380;337;774;587;821;449;196;762;546;418;311;345;309;280;293;412;971;216;769;451;323;565;47;505;620;285;156;391;531;194;238;645;312
488;427;327;411;628;347;194;214;235;525;318;604;447;441;70;474;310;252;577;590;562;269;422;220;270;402;635;186;614;595;290;463;90;584;287;487;312;455;460;681;534;393;234;521;692;108;499;205;617;329;311;237;246;373;360;282;318;7;324;212;273;435;418;186;449;470;229;0;296;179;264;716;444;592;397;416;560;361;340;239;424;483;153;238;348;742;58;671;430;172;464;211;458;593;217;246;377;326;324;10;461;280
203;347;356;651;902;643;214;248;353;813;155;821;703;618;327;759;563;244;474;822;842;408;131;372;420;514;902;178;820;847;290;700;352;874;237;590;367;714;416;624;722;264;525;708;638;403;433;484;828;592;537;529;145;165;628;553;612;289;500;373;365;704;520;228;682;542;442;296;0;150;139;983;669;538;188;633;673;544;619;529;376;745;439;532;150;677;258;916;721;128;720;452;740;877;509;336;231;476;389;290;628;574
311;451;381;580;755;520;213;114;210;672;142;672;621;473;233;616;482;270;435;672;697;264;280;224;390;380;753;177;772;697;179;550;257;734;145;462;380;565;340;564;577;358;412;563;576;283;370;342;777;504;388;414;198;288;481;459;492;172;353;333;358;557;520;219;532;422;380;179;150;0;206;834;520;473;314;575;543;398;475;392;441;659;301;398;266;622;165;766;582;93;571;375;597;733;375;327;330;332;399;170;485;442
297;245;218;545;892;586;101;320;410;786;281;852;602;666;264;737;466;109;604;844;825;462;204;417;298;585;899;82;696;856;382;718;284;842;339;667;231;717;532;748;767;152;461;753;762;358;554;469;707;501;559;467;19;110;623;469;553;259;544;260;234;699;384;117;702;628;337;264;139;206;0;979;694;660;133;519;749;587;604;500;244;646;417;497;85;803;209;930;689;120;725;358;721;855;477;208;125;530;253;262;681;536
987;940;990;739;95;478;903;762;661;240;921;270;696;453;731;260;695;954;958;223;172;616;1114;631;862;596;81;901;905;154;775;302;719;224;825;594;964;270;833;932;383;1103;580;392;930;632;875;511;891;662;455;571;962;1088;358;643;508;721;525;834;917;281;984;892;322;653;774;716;983;834;979;0;344;888;1112;797;567;487;377;486;1104;676;563;496;1063;977;772;137;324;876;264;728;270;169;512;905;1090;566;964;717;466;466
659;837;762;647;291;389;637;432;327;304;587;160;634;122;485;249;564;696;620;153;273;277;798;301;665;257;268;624;857;191;435;45;483;357;487;274;742;114;492;615;124;835;418;119;616;397;535;264;849;547;135;409;678;796;151;506;397;447;183;620;697;150;809;630;26;323;587;444;669;520;694;344;0;559;822;690;278;143;199;281;866;639;313;304;772;666;502;249;281;579;109;543;231;318;305;676;815;222;749;442;144;306
101;875;854;991;849;825;686;383;375;849;383;630;1014;439;662;788;888;741;102;667;831;374;602;406;851;307;821;649;1202;736;305;604;681;908;328;295;853;667;134;91;508;801;767;498;103;654;106;608;1203;896;510;765;657;701;645;846;812;587;415;793;830;692;990;692;585;237;821;592;538;473;660;888;559;0;722;1004;339;433;676;668;904;1040;609;688;687;150;613;765;795;564;665;801;768;875;670;798;768;374;871;582;423;723
195;159;272;649;1026;715;224;425;524;919;341;978;710;786;395;870;580;201;651;973;959;578;152;536;392;693;1032;214;776;987;475;847;414;975;424;772;296;849;603;806;889;106;590;875;821;491;618;602;789;617;687;597;152;26;755;589;682;392;665;367;318;832;440;239;831;727;449;397;188;314;133;1112;822;722;0;614;855;709;737;634;235;755;550;630;50;857;342;1061;822;242;857;477;854;988;610;301;77;646;317;395;799;669
809;163;353;62;704;326;422;629;633;557;715;826;125;752;348;548;128;417;993;786;627;651;722;608;222;772;737;456;199;747;705;681;326;583;701;850;325;629;874;1092;811;534;275;803;1102;355;914;449;202;145;601;283;503;602;544;185;304;421;666;261;296;587;236;407;680;851;196;416;633;575;519;797;690;1004;614;0;907;685;497;412;452;168;420;389;585;1153;410;825;481;518;640;204;546;630;393;315;546;687;308;426;778;386
422;983;883;874;544;641;727;430;341;581;541;299;875;167;622;527;779;790;426;344;544;294;782;343;824;164;508;701;1091;420;384;318;631;632;440;83;871;392;333;368;185;900;634;179;365;565;361;458;1086;772;309;628;738;829;412;725;641;559;244;769;833;429;973;726;303;139;762;560;673;543;749;567;278;339;855;907;0;222;457;502;968;887;488;526;808;410;607;436;556;630;386;726;509;587;517;805;873;234;883;553;140;545
525;786;688;652;430;426;545;299;193;416;450;279;654;80;416;355;557;607;484;289;401;139;669;173;613;127;411;526;868;335;294;186;421;475;348;177;672;238;353;499;180;734;412;166;502;348;397;236;864;549;90;406;573;683;215;502;423;362;45;561;631;259;762;541;165;206;546;361;544;398;587;487;143;433;709;685;222;0;252;281;783;668;268;305;659;554;414;389;366;469;237;508;334;445;295;606;712;79;682;356;101;326
740;655;620;450;289;190;526;426;344;200;583;330;435;290;355;141;374;577;712;294;224;317;750;308;503;375;298;525;658;272;463;185;344;262;501;427;596;137;577;747;323;726;232;317;751;256;623;136;650;352;166;223;586;713;48;315;198;345;261;467;549;103;638;515;185;457;418;340;619;475;604;377;199;676;737;497;457;252;0;111;732;440;187;126;688;804;395;352;122;505;148;372;122;258;137;534;713;302;598;342;317;112
688;557;509;374;395;158;419;364;304;287;513;428;373;342;245;237;285;468;688;398;325;294;657;269;394;388;408;420;589;383;416;279;233;346;444;456;485;245;554;747;400;618;137;391;753;146;600;61;584;272;193;129;482;610;147;227;146;244;272;356;438;213;533;407;274;471;311;239;529;392;500;486;281;668;634;412;502;281;111;0;622;388;90;24;585;806;291;462;192;409;255;265;221;355;26;423;606;304;488;242;369;57
382;16;116;501;1012;651;240;551;627;883;525;1026;567;864;383;847;464;178;848;1007;937;674;385;626;260;804;1028;268;579;1003;620;881;390;930;580;889;145;863;775;992;958;129;531;945;1006;479;798;612;595;504;735;540;247;241;764;495;617;423;744;273;191;835;233;243;869;857;345;424;376;441;244;1104;866;904;235;452;968;783;732;622;0;614;558;610;241;1048;369;1081;787;348;872;388;835;958;595;200;160;739;153;428;882;639
943;265;509;113;588;250;546;687;665;441;800;752;46;723;427;448;182;555;1045;706;514;669;848;634;367;774;626;574;231;654;757;619;402;454;766;843;479;555;916;1123;763;686;272;757;1131;393;960;441;219;155;579;275;629;741;488;201;246;490;660;389;444;510;404;530;622;857;309;483;745;659;646;676;639;1040;755;168;887;668;440;388;614;0;431;364;721;1184;497;727;385;620;566;292;452;508;378;456;693;689;465;493;750;342
602;529;451;394;475;232;341;280;235;375;425;470;407;342;175;323;294;395;620;449;409;239;568;203;353;353;483;338;611;447;338;324;170;435;361;430;429;307;488;692;419;542;159;408;700;84;533;54;609;294;194;156;399;526;209;244;210;158;246;306;384;284;500;331;313;433;280;153;439;301;417;563;313;609;550;420;488;268;187;90;558;431;0;98;501;752;209;525;282;320;316;240;305;441;75;364;528;267;435;155;366;142
700;536;496;350;404;139;413;377;322;288;523;448;348;366;238;242;261;460;707;417;332;315;660;287;377;411;419;416;565;398;432;300;224;346;457;479;471;262;573;768;423;610;114;415;775;140;619;80;560;248;217;106;479;607;165;204;124;245;296;342;424;228;514;400;295;494;293;238;532;398;497;496;304;688;630;389;526;305;126;24;610;364;98;0;582;828;289;478;192;410;272;247;227;359;23;410;600;327;473;243;393;44
225;199;256;616;976;670;181;378;476;871;305;929;676;737;349;822;543;168;621;923;910;529;150;487;363;646;982;167;754;937;431;797;369;927;382;726;276;799;565;773;839;118;546;826;787;443;582;553;766;579;637;552;104;25;706;549;637;343;615;332;291;782;425;197;781;682;412;348;150;266;85;1063;772;687;50;585;808;659;688;585;241;721;501;582;0;825;294;1011;775;192;807;437;805;940;562;271;85;598;298;346;750;622
12;996;1001;1138;949;963;834;533;522;966;523;709;1159;544;812;906;1036;888;206;754;939;515;728;551;1002;429;916;796;1351;828;455;710;831;1022;477;393;1001;779;284;61;594;941;912;586;53;801;251;748;1351;1042;638;908;802;837;769;992;952;737;543;943;979;808;1140;841;692;349;971;742;677;622;803;977;666;150;857;1153;410;554;804;806;1048;1184;752;828;825;0;764;846;920;711;775;950;886;984;810;947;908;505;1020;732;523;860
459;377;276;415;684;387;136;231;273;577;307;661;458;495;70;528;318;195;589;647;616;314;379;264;238;447;692;129;607;653;309;520;96;634;295;532;264;513;480;704;589;335;267;576;715;151;516;262;612;342;368;272;191;319;417;299;356;55;376;179;228;492;381;129;507;510;216;58;258;165;209;772;502;613;342;410;607;414;395;291;369;497;209;289;294;764;0;729;481;130;521;210;512;646;268;199;319;374;277;60;514;329
858;987;971;771;163;500;864;681;576;291;836;137;738;341;699;280;712;919;840;102;219;526;1045;549;855;485;115;856;958;80;683;216;691;304;736;471;947;219;721;804;257;1064;579;268;801;603;761;471;945;683;378;570;914;1035;318;655;523;675;431;819;901;250;988;855;234;533;769;671;916;766;930;137;249;765;1061;825;436;389;352;462;1081;727;525;478;1011;846;729;0;346;820;209;723;280;242;489;884;1048;468;950;671;349;459
861;641;672;425;230;156;603;542;465;97;697;370;393;391;429;67;372;647;834;322;153;439;850;429;540;492;257;608;614;270;583;250;412;154;619;536;645;178;699;864;400;799;258;398;868;331;745;240;603;341;285;249;671;799;151;319;183;436;380;515;598;134;660;590;260;572;451;430;721;582;689;324;281;795;822;481;556;366;122;192;787;385;282;192;775;920;481;346;0;601;188;405;67;170;213;588;790;422;643;434;417;153
330;360;290;531;792;516;124;204;291;695;207;736;580;547;199;643;439;178;520;731;729;342;251;298;316;466;795;85;710;747;272;605;224;754;236;549;292;610;432;654;649;271;397;635;666;277;460;369;717;467;445;402;108;216;519;426;485;165;425;263;275;596;437;132;589;512;323;172;128;93;120;876;579;564;242;518;630;469;505;409;348;620;320;410;192;711;130;820;601;0;617;329;625;761;388;243;245;410;311;167;562;452
762;801;762;590;195;320;656;498;399;196;657;188;568;231;490;144;519;710;721;147;165;355;851;367;649;360;184;649;791;132;514;68;482;248;562;382;739;11;590;723;216;856;379;215;725;394;635;262;782;495;191;370;708;831;109;461;337;468;270;611;692;55;786;646;84;430;565;464;720;571;725;264;109;665;857;640;386;237;148;255;872;566;316;272;807;775;521;209;188;617;0;519;129;210;281;675;840;312;742;464;253;259
652;294;272;204;633;263;258;425;433;499;517;693;251;582;145;467;111;278;788;664;557;456;557;410;135;582;655;283;403;643;501;544;122;544;497;663;243;508;670;889;656;423;148;646;899;162;710;282;406;143;433;157;340;459;412;114;230;217;483;118;197;473;268;242;538;658;47;211;452;375;358;728;543;801;477;204;726;508;372;265;388;292;240;247;437;950;210;723;405;329;519;0;458;574;240;193;424;498;239;221;607;265
850;707;720;491;177;220;639;545;458;83;703;306;460;348;465;21;434;687;813;256;105;425;871;423;593;461;198;641;681;203;578;195;452;145;618;497;694;120;679;832;344;838;311;343;835;366;725;257;670;404;262;301;702;830;128;379;245;463;356;564;647;81;718;627;207;538;505;458;740;597;721;270;231;768;854;546;509;334;122;221;835;452;305;227;805;886;512;280;67;625;129;458;0;136;245;635;827;398;694;460;372;196
970;772;842;571;83;317;771;679;588;76;837;327;527;440;597;118;532;817;929;271;45;551;1007;554;708;569;128;774;737;192;707;274;581;61;750;591;815;208;797;933;406;968;427;410;934;498;842;393;723;497;385;418;836;965;258;482;348;598;473;685;768;190;823;759;292;640;620;593;877;733;855;169;318;875;988;630;587;445;258;355;958;508;441;359;940;984;646;242;170;761;210;574;136;0;378;758;958;516;813;596;461;322
677;533;483;357;421;159;394;354;302;309;500;453;360;359;220;261;265;442;687;424;350;296;637;267;368;397;434;396;573;409;410;304;207;367;435;467;459;271;554;751;421;593;118;412;757;121;599;63;569;254;209;111;458;587;173;209;142;223;283;330;412;240;508;382;298;479;285;217;509;375;477;512;305;670;610;393;517;295;137;26;595;378;75;23;562;810;268;489;213;388;281;240;245;378;0;396;581;312;461;221;386;67
495;181;87;348;812;454;123;419;472;684;450;834;410;685;192;647;285;103;761;813;737;513;410;463;92;646;829;163;488;805;496;688;194;732;471;731;66;665;664;889;775;233;333;763;901;282;697;416;499;324;549;341;195;288;566;306;420;246;570;76;32;636;194;112;677;709;156;246;336;327;208;905;676;798;301;315;805;606;534;423;200;456;364;410;271;947;199;884;588;243;675;193;635;758;396;0;238;571;78;252;707;439
264;124;198;584;1001;673;187;444;536;887;386;974;647;791;362;842;522;147;704;964;931;587;225;543;327;710;1011;191;703;972;503;837;378;941;456;792;224;832;644;855;891;34;548;878;869;460;663;581;716;561;680;555;138;81;736;537;639;373;669;309;251;811;364;200;822;752;391;377;231;330;125;1090;815;768;77;546;873;712;713;606;160;693;528;600;85;908;319;1048;790;245;840;424;827;958;581;238;0;655;244;377;806;636
454;751;650;660;506;459;498;228;123;481;373;354;670;143;388;419;561;560;415;367;473;68;598;113;590;86;488;475;877;414;215;264;398;542;270;165;637;311;281;447;248;680;423;233;452;337;327;249;875;559;137;418;517;620;273;510;450;325;43;535;599;327;740;496;244;168;531;326;476;332;530;566;222;374;646;687;234;79;302;304;739;689;267;327;598;505;374;468;422;410;312;498;398;516;312;571;655;0;649;319;153;356
507;104;46;352;870;502;188;495;550;737;515;906;418;762;267;704;311;145;831;882;794;591;445;541;108;724;890;227;459;871;571;758;266;783;543;809;22;732;738;962;850;228;386;838;974;352;769;487;472;352;623;395;244;310;634;343;468;324;647;131;51;701;131;180;748;786;194;324;389;399;253;964;749;871;317;308;883;682;598;488;153;465;435;473;298;1020;277;950;643;311;742;239;694;813;461;78;244;649;0;330;783;498
480;433;333;421;630;354;195;204;226;529;309;601;457;436;80;477;320;254;567;588;564;262;417;212;278;395;636;186;624;595;280;461;100;588;277;480;318;456;450;672;530;394;242;517;682;115;489;207;627;338;309;245;245;371;360;291;325;6;318;221;280;436;426;188;447;461;238;10;290;170;262;717;442;582;395;426;553;356;342;242;428;493;155;243;346;732;60;671;434;167;464;221;460;596;221;252;377;319;330;0;456;285
