QTD_PONTOS;100
QTD_VENDEDORES;8
504;805;0;741;581;365;177;346;599;847;302;371;579;81;526;589;723;476;463;648;613;106;432;130;746;344;317;232;481;819;750;564;711;363;586;702;652;270;494;593;785;541;546;812;707;597;469;507;910;497;567;303;344;148;518;583;86;856;770;791;257;727;619;406;706;495;792;796;609;579;352;326;400;189;503;561;602;592;180;516;479;617;483;438;192;753;834;743;354;216;773;786;799;705;684;398;331;239;853;280;381;759
28;237;741;0;210;626;579;972;750;881;440;886;214;751;366;731;595;837;303;118;450;809;395;731;360;398;1049;510;473;789;902;181;892;674;168;801;693;731;677;377;165;320;818;103;734;405;960;362;980;926;771;443;420;870;921;370;711;243;824;554;816;706;603;1085;827;764;569;728;173;763;531;848;1026;672;669;185;231;769;705;233;481;504;278;1088;625;806;293;220;466;957;820;474;176;892;118;880;459;892;825;842;649;911
231;292;581;210;0;568;407;774;546;701;288;680;243;608;159;527;425;627;245;92;264;664;352;601;247;268;873;360;264;616;706;87;692;465;65;606;499;529;656;188;204;337;609;243;545;216;752;361;799;716;565;279;239;695;711;177;536;279;637;412;617;524;410;892;631;554;425;558;225;557;466;644;826;481;460;158;285;564;589;89;470;316;224;890;508;618;273;172;392;791;634;348;218;691;110;673;369;701;654;643;439;715
142;853;365;626;568;0;374;711;861;1096;338;722;414;304;614;845;893;795;334;586;740;342;232;251;805;319;640;303;635;1042;1031;502;997;639;533;959;880;588;135;685;741;319;844;725;938;704;822;273;1177;838;844;365;423;503;854;672;419;827;1019;926;608;942;816;761;972;784;934;1002;455;850;102;675;765;487;752;454;409;863;196;479;174;769;359;799;180;1000;838;736;176;525;1020;887;756;993;630;744;204;604;1081;635;641;1040
447;637;177;579;407;374;0;419;492;734;145;379;442;224;351;478;570;425;329;480;445;273;335;240;570;199;470;97;316;691;659;399;625;265;418;593;524;226;507;419;611;431;470;643;582;425;476;408;809;478;472;137;168;291;490;408;132;680;656;628;276;593;475;516;603;411;632;659;466;479;313;332;476;127;385;407;473;492;259;348;422;456;343;530;207;638;657;566;277;384;658;616;624;620;512;392;241;324;728;305;269;669
847;761;346;972;774;711;419;0;494;711;562;142;858;413;656;495;715;299;747;861;678;395;748;468;847;617;232;513;562;725;580;793;537;342;805;579;586;247;839;699;963;849;390;1017;624;688;186;822;740;251;446;547;555;221;280;694;307;1014;647;808;157;661;602;131;569;377;803;730;880;464;691;148;57;303;452;815;891;475;522;740;815;654;760;115;536;637;969;899;679;275;653;840;974;530;884;175;648;107;748;132;373;586
777;272;599;750;546;861;492;494;0;248;543;352;751;676;387;19;252;198;683;635;311;702;752;712;470;587;707;559;289;234;174;614;149;236;606;103;101;337;991;376;662;806;115;745;130;350;349;805;317;280;49;514;470;593;257;381;513;675;171;352;399;169;164;620;111;119;342;236;750;31;785;358;516;411;109;673;795;25;743;574;867;261;679;580;699;156;608;582;729;698;175;412;666;147;634;319;690;502;263;400;224;184
889;51;847;881;701;1096;734;711;248;0;767;573;932;923;554;259;288;415;883;778;437;950;965;959;540;805;936;793;481;98;142;781;181;484;765;145;219;583;1223;513;756;1003;325;848;162;485;540;1010;99;467;283;738;687;835;439;523;761;741;78;355;638;177;298;828;145;358;339;160;922;270;1014;589;721;658;349;848;976;256;988;751;1085;385;875;779;941;96;666;678;953;937;76;440;756;188;764;538;914;737;77;635;470;140
320;566;302;440;288;338;145;562;543;767;0;509;297;321;284;526;555;524;186;348;404;378;216;313;492;57;610;72;297;708;717;262;688;350;286;636;549;349;458;356;490;297;551;511;607;371;601;281;853;592;536;29;85;432;599;343;275;567;691;592;414;607;480;662;652;488;599;666;321;538;248;463;618;262;434;263;329;550;305;215;325;432;199;674;228;672;555;457;186;517;691;560;505;685;385;516;147;469;747;443;341;727
826;621;371;886;680;722;379;142;352;573;509;0;798;449;547;354;576;159;694;770;553;450;714;501;724;566;363;476;446;584;446;711;403;222;719;439;445;161;856;581;858;806;250;920;482;568;100;785;609;133;305;488;482;292;159;578;303;902;507;672;115;519;465;269;430;235;666;588;814;322;683;48;169;252;315;744;834;333;549;659;799;524;703;237;542;497;851;790;656;378;513;708;868;396;789;36;620;174;608;91;252;453
47;450;579;214;243;414;442;858;751;932;297;798;0;573;378;732;664;787;116;206;500;630;185;544;482;242;895;353;463;851;920;156;901;612;180;825;721;637;465;426;349;110;792;315;772;453;885;149;1028;866;760;312;318;719;868;413;568;436;864;654;708;756;635;957;847;731;667;795;41;756;321;754;915;557;652;85;44;765;511;181;268;549;98;971;434;844;466;369;262;794;862;589;364;899;247;801;264;765;890;737;594;929
446;861;81;751;608;304;224;413;676;923;321;449;573;0;573;665;788;557;459;667;669;58;410;55;792;353;344;248;539;893;829;580;790;440;605;779;725;350;427;642;811;521;626;829;781;649;547;482;988;577;645;330;378;199;598;631;164;887;846;851;337;799;687;457;784;574;854;867;607;656;310;405;466;265;578;567;591;670;109;535;437;677;481;496;150;829;871;775;328;232;849;840;825;784;705;477;312;308;928;358;455;838
390;291;526;366;159;614;351;656;387;554;284;547;378;573;0;368;294;476;338;249;130;624;433;580;220;295;785;343;108;475;549;230;534;326;219;450;344;409;724;73;312;453;452;379;394;89;609;465;650;567;406;261;203;614;560;60;463;359;486;312;501;378;257;780;474;399;321;421;370;398;517;516;703;385;303;295;422;405;582;198;557;173;326;769;509;467;319;244;445;719;484;277;321;533;254;535;412;596;514;523;297;558
758;274;589;731;527;845;478;495;19;259;526;354;732;665;368;0;241;203;665;616;293;692;734;700;454;570;705;543;270;238;192;595;168;225;587;115;94;330;975;357;644;788;124;726;130;332;356;787;332;287;57;497;452;587;266;362;503;658;181;341;395;166;148;622;126;118;332;235;731;40;769;357;519;400;93;654;776;40;731;555;850;243;661;583;685;165;592;564;712;693;184;399;649;166;615;322;673;499;269;397;211;201
604;89;723;595;425;893;570;715;252;288;555;576;664;788;294;241;0;438;633;495;165;828;726;810;254;579;905;599;260;195;339;509;346;391;489;242;152;506;1010;238;470;746;365;561;162;211;593;760;387;527;298;528;470;762;506;251;642;460;240;100;590;121;113;845;270;348;91;134;649;281;800;569;746;541;262;579;707;277;826;487;850;124;620;812;763;225;386;390;731;872;235;168;470;349;478;548;695;698;231;600;363;346
834;462;476;837;627;795;425;299;198;415;524;159;787;557;476;203;438;0;696;719;448;569;740;602;620;578;521;513;368;426;291;675;248;177;676;280;296;210;929;493;782;817;91;854;327;473;155;805;455;94;149;498;473;432;84;493;395;813;348;537;234;367;333;423;271;92;529;434;796;167;737;177;318;309;191;721;828;177;644;627;841;409;700;381;619;338;754;707;696;528;354;585;789;242;729;124;658;325;449;225;193;298
140;519;463;303;245;334;329;747;683;883;186;694;116;459;338;665;633;696;0;252;468;517;108;433;491;130;779;238;403;810;856;169;832;520;201;765;666;533;412;400;407;123;711;396;721;424;784;127;976;770;685;205;224;604;775;386;453;493;811;641;600;711;585;844;785;649;652;759;148;684;234;649;804;448;578;121;144;694;403;158;226;511;25;859;324;792;507;405;164;678;810;587;422;830;296;699;156;652;849;629;506;865
142;267;648;118;92;586;480;861;635;778;348;770;206;667;249;616;495;719;252;0;342;725;357;654;283;316;949;420;356;689;791;89;779;557;62;690;582;618;658;267;155;313;701;164;626;295;843;347;877;808;655;345;315;770;803;258;610;241;718;468;704;601;493;977;716;646;482;629;176;647;485;733;913;564;551;136;242;653;635;133;464;396;227;976;554;699;261;163;414;862;714;394;170;779;44;764;398;784;726;730;531;800
476;193;613;450;264;740;445;678;311;437;404;553;500;669;130;293;165;448;468;342;0;715;563;683;173;422;839;457;132;352;453;347;445;336;329;351;243;442;852;76;350;581;401;435;284;48;596;595;535;542;343;379;320;678;529;87;539;368;375;188;534;260;154;808;378;359;194;295;487;330;644;532;719;447;257;415;544;333;692;322;687;54;455;787;623;357;306;271;574;787;372;174;355;446;332;533;539;638;390;551;305;461
480;908;106;809;664;342;273;395;702;950;378;450;630;58;624;692;828;569;517;725;715;0;465;95;843;411;298;305;584;924;849;638;809;467;662;805;758;369;458;692;868;576;644;887;812;698;544;537;1010;581;669;385;432;175;603;681;190;942;873;895;341;832;725;424;808;596;897;902;665;681;360;408;444;294;608;625;647;695;148;593;486;721;539;468;203;857;925;830;382;183;876;888;882;803;763;480;369;294;958;359;485;858
112;623;432;395;352;232;335;748;752;965;216;714;185;410;433;734;726;740;108;357;563;465;0;374;597;165;747;238;484;897;926;277;899;565;308;840;746;557;305;498;512;111;766;493;803;521;810;75;1055;805;748;243;282;579;813;484;443;598;891;741;611;797;669;831;858;703;751;848;225;749;136;667;805;462;644;223;189;760;335;264;124;603;131;854;263;871;614;512;83;639;890;690;526;896;401;725;102;647;936;640;557;935
392;871;130;731;601;251;240;468;712;959;313;501;544;55;580;700;810;602;433;654;683;95;374;0;797;338;392;243;556;924;870;565;831;476;592;815;756;393;372;651;801;485;668;814;813;660;599;444;1027;627;684;327;380;254;647;639;207;880;881;868;387;828;713;511;821;615;872;896;580;694;264;456;521;303;611;546;559;708;55;524;390;696;456;551;111;864;868;771;291;278;884;852;816;826;693;528;281;362;960;410;489;878
350;75;746;360;247;805;570;847;470;540;492;724;482;792;220;454;254;620;491;283;173;843;597;797;0;491;996;557;287;444;590;331;590;506;303;489;386;606;901;155;218;582;568;311;412;160;769;608;638;714;507;473;417;829;700;164;681;208;495;195;699;375;306;976;517;530;211;381;456;493;704;701;890;598;428;400;522;494;796;333;717;213;471;957;720;479;138;143;630;935;489;114;217;592;253;705;602;800;476;718;475;597
264;558;344;398;268;319;199;617;587;805;57;566;242;353;295;570;579;578;130;316;422;411;165;338;491;0;657;113;327;741;761;227;734;402;254;677;586;405;430;366;464;241;601;476;643;385;658;227;893;647;583;80;118;480;654;352;326;544;730;607;470;640;513;715;694;539;616;695;268;584;222;520;674;318;479;216;274;595;321;186;281;455;144;729;241;710;540;440;152;561;729;568;479;731;356;573;117;523;780;499;392;771
769;979;317;1049;873;640;470;232;707;936;610;363;895;344;785;705;905;521;779;949;839;298;747;392;996;657;0;544;711;941;808;869;765;515;888;799;792;401;750;842;1074;857;612;1112;835;838;418;821;970;482;662;606;635;179;511;834;338;1137;868;992;316;868;792;167;792;588;989;939;925;678;654;349;247;401;647;873;919;690;445;818;781;825;798;229;493;857;1104;1021;667;115;874;1010;1087;758;980;399;646;208;967;309;544;815
350;632;232;510;360;303;97;513;559;793;72;476;353;248;343;543;599;513;238;420;457;305;238;243;557;113;544;0;340;740;730;334;698;345;358;656;577;321;433;416;563;335;551;583;635;428;573;311;874;571;545;84;141;367;582;403;215;639;715;644;373;640;516;606;669;489;650;702;381;549;228;429;570;224;449;330;382;562;239;288;328;478;255;623;166;696;626;529;183;448;716;619;577;694;457;488;146;416;778;402;343;740
493;324;481;473;264;635;316;562;289;481;297;446;463;539;108;270;260;368;403;356;132;584;484;556;287;327;711;340;0;414;457;326;437;224;320;363;263;319;755;136;416;525;345;486;319;128;504;529;573;460;302;270;213;548;452;132;407;456;408;312;412;313;185;690;384;291;316;368;461;296;545;419;607;316;196;385;508;304;569;285;606;140;396;674;504;388;407;344;479;656;407;306;425;436;362;432;441;513;453;432;194;466
792;38;819;789;616;1042;691;725;234;98;708;584;851;893;475;238;195;426;810;689;352;924;897;924;444;741;941;740;414;0;202;699;230;458;681;148;168;567;1166;428;661;928;336;753;112;400;567;937;195;494;280;679;625;825;467;439;734;644;92;257;633;101;228;848;166;353;241;63;839;263;956;592;742;630;316;767;895;251;949;672;1019;302;800;804;896;92;568;583;892;931;84;342;661;236;673;550;854;737;39;634;439;204
929;187;750;902;706;1031;659;580;174;142;717;446;920;829;549;192;339;291;856;791;453;849;926;870;590;761;808;730;457;202;0;779;43;396;768;102;210;481;1162;525;798;979;207;886;178;498;403;979;164;332;187;688;644;721;302;533;665;797;113;429;523;219;299;692;75;255;415;248;917;181;957;468;586;567;283;840;965;168;905;741;1042;399;851;641;866;121;725;717;903;819;121;507;800;50;785;410;863;615;204;516;390;9
168;352;564;181;87;502;399;793;614;781;262;711;156;580;230;595;509;675;169;89;347;638;277;565;331;227;869;334;326;699;779;0;762;505;31;681;575;554;581;271;242;251;667;249;624;299;790;278;879;760;628;263;239;690;758;259;530;327;716;499;636;605;487;904;704;609;512;641;141;622;400;671;847;491;521;71;199;630;546;52;390;397;146;908;465;696;338;236;328;779;713;435;257;761;131;708;310;711;737;664;483;788
920;229;711;892;692;997;625;537;149;181;688;403;901;790;534;168;346;248;832;779;445;809;899;831;590;734;765;698;437;230;43;762;0;360;753;104;205;441;1129;515;794;955;165;880;185;488;361;954;206;289;153;659;617;679;260;522;626;798;138;440;481;229;292;650;76;217;426;268;898;150;926;425;543;529;255;822;944;139;867;723;1013;392;829;599;830;141;727;713;873;776;146;514;797;7;775;367;833;573;237;474;356;50
658;476;363;674;465;639;265;342;236;484;350;222;612;440;326;225;391;177;520;557;336;467;565;476;506;402;515;345;224;458;396;505;360;0;509;339;293;115;772;360;637;640;206;701;346;348;287;629;551;255;209;323;296;374;256;357;277;680;407;477;201;370;278;472;345;145;474;441;622;218;573;196;384;175;142;547;652;232;509;455;670;314;523;452;470;390;630;568;526;483;410;500;647;355;572;209;487;308;491;216;31;405
173;321;586;168;65;533;418;805;606;765;286;719;180;605;219;587;489;676;201;62;329;662;308;592;303;254;888;358;320;681;768;31;753;509;0;669;562;564;612;253;212;280;664;226;609;281;795;308;863;763;622;284;255;709;760;242;549;296;701;475;648;588;473;919;693;607;488;623;160;615;431;680;858;506;516;97;222;623;574;70;421;381;177;920;493;682;306;204;359;800;698;408;227;752;102;714;341;726;718;675;485;777
827;182;702;801;606;959;593;579;103;145;636;439;825;779;450;115;242;280;765;690;351;805;840;815;489;677;799;656;363;148;102;681;104;339;669;0;108;439;1088;424;696;887;189;783;81;396;419;890;218;346;140;607;559;692;319;432;616;697;70;336;496;125;198;701;29;215;322;172;819;125;880;451;595;514;208;744;869;112;845;645;958;297;759;656;800;58;625;615;822;796;75;410;698;108;683;404;783;597;169;495;326;110
719;189;652;693;499;880;524;586;101;219;549;445;721;725;344;94;152;296;666;582;243;758;746;756;386;586;792;577;263;168;210;575;205;293;562;108;0;405;1006;316;589;787;216;676;58;288;449;792;310;380;150;520;468;665;358;324;567;594;145;253;478;77;90;714;135;210;242;148;714;132;796;445;611;463;151;639;765;126;782;540;866;189;659;676;729;125;523;509;734;773;144;317;592;206;575;414;696;584;204;483;272;218
668;591;270;731;529;588;226;247;337;583;349;161;637;350;409;330;506;210;533;618;442;369;557;393;606;405;401;321;319;567;481;554;441;115;564;439;405;0;722;455;717;646;276;772;456;446;253;627;642;253;301;328;322;260;266;449;186;768;508;591;93;482;394;372;440;227;589;553;654;314;537;118;297;101;255;584;674;328;434;502;648;425;542;362;410;493;724;653;503;368;512;610;727;435;639;168;466;196;598;115;144;490
22;914;494;677;656;135;507;839;991;1223;458;856;465;427;724;975;1010;929;412;658;852;458;305;372;901;430;750;433;755;1166;1162;581;1129;772;612;1088;1006;722;0;793;810;357;978;779;1064;813;956;316;1306;972;976;487;542;626;988;779;552;897;1146;1036;741;1065;939;882;1102;918;1044;1123;504;981;210;809;892;621;882;523;447;994;318;568;196;885;435;923;314;1127;918;816;278;636;1147;990;825;1125;702;878;314;733;1205;767;774;1172
405;220;593;377;188;685;419;699;376;513;356;581;426;642;73;357;238;493;400;267;76;692;498;651;155;366;842;416;136;428;525;271;515;360;253;424;316;455;793;0;291;509;456;370;359;28;635;525;611;586;402;334;275;674;576;14;526;322;451;243;547;336;226;826;450;409;253;370;411;391;587;555;743;443;307;340;469;396;655;249;622;129;385;811;581;432;270;214;515;780;447;204;298;515;260;565;482;647;466;568;330;533
135;112;785;165;204;741;611;963;662;756;490;858;349;811;312;644;470;782;407;155;350;868;512;801;218;464;1074;563;416;661;798;242;794;637;212;696;589;717;810;291;0;459;746;93;622;313;920;496;856;875;691;483;443;897;865;289;738;87;708;413;807;588;503;1085;723;699;428;598;313;680;640;826;1013;678;598;289;378;683;785;278;615;402;382;1078;705;691;129;81;569;994;703;328;15;795;111;846;553;897;694;831;609;805
23;557;541;320;337;319;431;849;806;1003;297;806;110;521;453;788;746;817;123;313;581;576;111;485;582;241;857;335;525;928;979;251;955;640;280;887;787;646;357;509;459;0;833;423;841;535;899;46;1097;888;808;320;345;688;894;496;546;546;932;746;707;829;705;937;908;771;758;874;148;807;236;760;906;556;701;182;92;817;444;260;161;626;129;957;374;912;574;476;194;750;930;685;473;953;356;814;211;750;967;736;627;988
835;371;546;818;609;844;470;390;115;325;551;250;792;626;452;124;365;91;711;701;401;644;766;668;568;601;612;551;345;336;207;667;165;206;664;189;216;276;978;456;746;833;0;824;240;433;235;826;370;165;66;523;488;515;142;459;462;769;257;465;317;282;268;513;180;62;456;347;796;84;779;265;407;367;150;720;835;91;706;622;874;355;711;469;673;247;705;669;731;615;263;520;753;160;706;215;691;413;358;312;209;215
45;135;812;103;243;725;643;1017;745;848;511;920;315;829;379;726;561;854;396;164;435;887;493;814;311;476;1112;583;486;753;886;249;880;701;226;783;676;772;779;370;93;423;824;0;711;395;987;464;947;946;772;509;477;933;938;366;774;150;798;505;860;678;588;1136;811;775;521;690;275;761;627;885;1069;724;675;274;334;766;792;296;583;488;370;1133;711;781;213;171;560;1026;793;421;97;881;133;911;549;944;787;886;674;893
756;144;707;734;545;938;582;624;130;162;607;482;772;781;394;130;162;327;721;626;284;812;803;813;412;643;835;635;319;112;178;624;185;346;609;81;58;456;1064;359;622;841;240;711;0;331;476;847;256;404;178;578;526;715;379;369;622;619;92;255;524;46;137;750;109;248;242;106;764;160;854;487;645;518;204;689;817;150;839;592;923;230;713;709;787;73;546;541;792;821;90;330;624;188;616;449;753;629;147;527;327;185
432;212;597;405;216;704;425;688;350;485;371;568;453;649;89;332;211;473;424;295;48;698;521;660;160;385;838;428;128;400;498;299;488;348;281;396;288;446;813;28;313;535;433;395;331;0;618;550;583;568;378;348;289;673;556;39;528;339;423;223;539;308;198;817;422;388;232;343;439;367;606;543;732;441;286;368;496;371;666;275;644;101;410;799;594;404;284;235;535;780;419;192;319;489;287;551;501;640;438;558;317;506
921;590;469;960;752;822;476;186;349;540;601;100;885;547;609;356;593;155;784;843;596;544;810;599;769;658;418;573;504;567;403;790;361;287;795;419;449;253;956;635;920;899;235;987;476;618;0;880;560;73;300;580;568;379;101;634;403;957;482;692;214;517;487;290;404;246;684;582;899;318;782;148;183;349;343;827;923;326;648;739;897;560;792;239;642;476;901;848;753;454;489;739;929;354;858;85;717;257;585;189;313;408
41;599;507;362;361;273;408;822;805;1010;281;785;149;482;465;787;760;805;127;347;595;537;75;444;608;227;821;311;529;937;979;278;954;629;308;890;792;627;316;525;496;46;826;464;847;550;880;0;1102;873;805;306;338;654;880;512;517;583;937;766;683;838;712;906;909;764;777;886;189;804;191;739;879;534;699;213;137;815;402;279;119;638;141;929;334;918;608;509;155;713;936;708;511;951;390;795;177;721;976;713;618;988
987;34;910;980;799;1177;809;740;317;99;853;609;1028;988;650;332;387;455;976;877;535;1010;1055;1027;638;893;970;874;573;195;164;879;206;551;863;218;310;642;1306;611;856;1097;370;947;256;583;560;1102;0;490;343;824;775;885;461;621;824;839;165;451;687;275;393;849;207;415;435;258;1019;333;1098;631;743;724;425;945;1072;319;1060;847;1174;483;968;795;1016;184;763;777;1039;982;166;537;855;213;863;572;1000;779;166;680;541;156
910;518;497;926;716;838;478;251;280;467;592;133;866;577;567;287;527;94;770;808;542;581;805;627;714;647;482;571;460;494;332;760;289;255;763;346;380;253;972;586;875;888;165;946;404;568;73;873;490;0;231;568;549;425;29;586;424;907;410;627;241;447;424;361;331;185;618;510;877;249;789;172;254;354;286;803;905;256;673;711;900;503;775;312;659;403;848;800;755;509;416;677;883;282;820;100;717;306;513;221;277;337
795;318;567;771;565;844;472;446;49;283;536;305;760;645;406;57;298;149;685;655;343;669;748;684;507;583;662;545;302;280;187;628;153;209;622;140;150;301;976;402;691;808;66;772;178;378;300;805;343;231;0;507;467;553;208;406;482;710;210;399;357;218;203;571;139;75;389;285;761;18;772;312;467;382;108;684;803;29;718;585;861;295;683;530;678;196;645;613;720;656;214;455;697;149;657;271;680;458;306;356;203;197
343;548;303;443;279;365;137;547;514;738;29;488;312;330;261;497;528;498;205;345;379;385;243;327;473;80;606;84;270;679;688;263;659;323;284;607;520;328;487;334;483;320;523;509;578;348;580;306;824;568;507;0;59;427;574;321;268;557;662;567;396;578;452;651;623;461;573;637;333;509;277;444;603;245;405;271;347;521;323;213;354;405;215;660;248;643;542;446;215;517;662;538;497;656;381;494;176;457;718;425;314;698
362;492;344;420;239;423;168;555;470;687;85;482;318;378;203;452;470;473;224;315;320;432;282;380;417;118;635;141;213;625;644;239;617;296;255;559;468;322;542;275;443;345;488;477;526;289;568;338;775;549;467;59;0;456;552;262;297;513;612;508;399;524;397;665;576;426;514;581;332;467;332;439;609;252;362;263;357;478;380;187;399;346;227;669;306;592;493;399;267;552;612;479;456;614;346;483;229;472;664;427;282;653
645;850;148;870;695;503;291;221;593;835;432;292;719;199;614;587;762;432;604;770;678;175;579;254;829;480;179;367;548;825;721;690;679;374;709;692;665;260;626;674;897;688;515;933;715;673;379;654;885;425;553;427;456;0;450;666;160;962;762;842;198;742;651;260;690;477;841;813;748;567;499;258;270;232;515;695;745;581;309;639;626;671;622;297;338;748;932;846;502;110;767;852;910;673;802;326;477;123;856;208;400;729
914;489;518;921;711;854;490;280;257;439;599;159;868;598;560;266;506;84;775;803;529;603;813;647;700;654;511;582;452;467;302;758;260;256;760;319;358;266;988;576;865;894;142;938;379;556;101;880;461;29;208;574;552;450;0;576;442;895;382;606;263;423;406;390;303;169;597;485;878;226;802;195;283;368;272;803;908;233;692;710;910;487;779;340;675;375;835;790;765;536;389;659;873;253;814;124;727;333;485;245;276;308
398;232;583;370;177;672;408;694;381;523;343;578;413;631;60;362;251;493;386;258;87;681;484;639;164;352;834;403;132;439;533;259;522;357;242;432;324;449;779;14;289;496;459;366;369;39;634;512;621;586;406;321;262;666;576;0;516;324;460;257;542;346;234;821;458;410;267;382;400;396;574;551;739;434;309;328;457;401;642;236;608;139;371;806;569;441;275;214;501;771;457;217;297;522;253;563;469;641;477;563;326;541
542;728;86;711;536;419;132;307;513;761;275;303;568;164;463;503;642;395;453;610;539;190;443;207;681;326;338;215;407;734;665;530;626;277;549;616;567;186;552;526;738;546;462;774;622;528;403;517;824;424;482;268;297;160;442;516;0;805;684;713;189;642;536;391;620;410;714;712;594;493;387;256;364;104;418;538;596;507;250;480;509;539;469;411;239;667;777;689;372;258;687;713;751;620;642;326;342;204;768;216;295;674
148;26;856;243;279;827;680;1014;675;741;567;902;436;887;359;658;460;813;493;241;368;942;598;880;208;544;1137;639;456;644;797;327;798;680;296;697;594;768;897;322;87;546;769;150;619;339;957;583;839;907;710;557;513;962;895;324;805;0;701;388;860;581;512;1139;725;726;404;581;399;697;726;873;1061;738;624;375;463;698;866;359;701;415;468;1128;785;685;76;116;654;1062;695;302;72;800;197;887;637;954;674;882;650;804
843;114;770;824;637;1019;656;647;171;78;691;507;864;846;486;181;240;348;811;718;375;873;891;881;495;730;868;715;408;92;113;716;138;407;701;70;145;508;1146;451;708;932;257;798;92;423;482;937;165;410;210;662;612;762;382;460;684;701;0;323;566;120;229;767;79;285;308;135;856;195;938;520;661;581;271;781;908;181;911;683;1010;322;804;721;863;20;626;628;877;865;8;404;709;144;706;472;838;667;103;565;392;116
536;15;791;554;412;926;628;808;352;355;592;672;654;851;312;341;100;537;641;468;188;895;741;868;195;607;992;644;312;257;429;499;440;477;475;336;253;591;1036;243;413;746;465;505;255;223;692;766;451;627;399;567;508;842;606;257;713;388;323;0;678;211;207;939;364;446;16;195;634;381;829;661;841;615;357;570;697;377;879;487;864;174;625;908;811;310;312;338;758;952;316;86;410;443;443;645;724;785;286;690;447;434
721;667;257;816;617;608;276;157;399;638;414;115;708;337;501;395;590;234;600;704;534;341;611;387;699;470;316;373;412;633;523;636;481;201;648;496;478;93;741;547;807;707;317;860;524;539;214;683;687;241;357;396;399;198;263;542;189;860;566;678;0;555;477;279;493;281;675;626;728;372;571;69;210;152;332;661;742;385;435;584;690;515;611;273;428;553;817;744;548;299;571;701;818;475;727;141;514;108;662;29;231;531
723;112;727;706;524;942;593;661;169;177;607;519;756;799;378;166;121;367;711;601;260;832;797;828;375;640;868;640;313;101;219;605;229;370;588;125;77;482;1065;336;588;829;282;678;46;308;517;838;275;447;218;578;524;742;423;346;642;581;120;211;555;0;127;788;153;284;197;71;745;200;855;521;684;538;228;672;800;191;852;576;918;208;701;748;796;104;508;508;791;850;115;288;589;233;589;487;753;661;140;560;348;225
630;199;619;603;410;816;475;602;164;298;480;465;635;687;257;148;113;333;585;493;154;725;669;713;306;513;792;516;185;228;299;487;292;278;473;198;90;394;939;226;503;705;268;588;137;198;487;712;393;424;203;452;397;651;406;234;536;512;229;207;477;127;0;733;224;241;201;186;627;188;728;456;635;434;150;552;679;188;733;454;791;100;576;702;675;210;444;422;663;760;227;253;506;292;486;438;626;585;267;487;251;307
903;879;406;1085;892;761;516;131;620;828;662;269;957;457;780;622;845;423;844;977;808;424;831;511;976;715;167;606;690;848;692;904;650;472;919;701;714;372;882;826;1085;937;513;1136;750;817;290;906;849;361;571;651;665;260;390;821;391;1139;767;939;279;788;733;0;689;504;934;856;982;589;758;278;107;413;583;921;987;600;566;852;885;784;859;64;597;759;1096;1024;757;260;774;970;1097;643;1002;301;730;194;870;258;503;698
854;192;706;827;631;972;603;569;111;145;652;430;847;784;474;126;270;271;785;716;378;808;858;821;517;694;792;669;384;166;75;704;76;345;693;29;135;440;1102;450;723;908;180;811;109;422;404;909;207;331;139;623;576;690;303;458;620;725;79;364;493;153;224;689;0;214;351;196;843;127;895;444;582;519;220;767;891;114;853;668;975;324;780;642;810;74;653;643;838;792;86;439;726;79;710;394;799;592;182;490;335;84
776;391;495;764;554;784;411;377;119;358;488;235;731;574;399;118;348;92;649;646;359;596;703;615;530;539;588;489;291;353;255;609;217;145;607;215;210;227;918;409;699;771;62;775;248;388;246;764;415;185;75;461;426;477;169;410;410;726;285;446;281;284;241;504;214;0;439;353;736;91;717;239;402;312;102;660;774;104;650;563;812;318;649;467;615;272;666;623;669;581;290;493;706;212;653;204;629;384;381;281;147;264
552;14;792;569;425;934;632;803;342;339;599;666;667;854;321;332;91;529;652;482;194;897;751;872;211;616;989;650;316;241;415;512;426;474;488;322;242;589;1044;253;428;758;456;521;242;232;684;777;435;618;389;573;514;841;597;267;714;404;308;16;675;197;201;934;351;439;0;179;647;372;838;656;835;615;351;582;709;367;884;498;875;176;636;902;816;295;328;354;766;951;301;102;426;430;458;639;732;782;270;686;445;420
729;41;796;728;558;1002;659;730;236;160;666;588;795;867;421;235;134;434;759;629;295;902;848;896;381;695;939;702;368;63;248;641;268;441;623;172;148;553;1123;370;598;874;347;690;106;343;582;886;258;510;285;637;581;813;485;382;712;581;135;195;626;71;186;856;196;353;179;0;782;267;913;591;751;608;299;710;839;257;918;617;971;248;747;815;861;128;505;520;847;921;128;280;598;273;612;555;810;732;97;630;418;251
40;410;609;173;225;455;466;880;750;922;321;814;41;607;370;731;649;796;148;176;487;665;225;580;456;268;925;381;461;839;917;141;898;622;160;819;714;654;504;411;313;148;796;275;764;439;899;189;1019;877;761;333;332;748;878;400;594;399;856;634;728;745;627;982;843;736;647;782;0;756;361;771;936;577;653;77;66;765;548;176;308;538;127;993;471;836;432;338;301;825;853;565;327;897;214;815;301;789;877;756;602;926
788;301;579;763;557;850;479;464;31;270;538;322;756;656;398;40;281;167;684;647;330;681;749;694;493;584;678;549;296;263;181;622;150;218;615;125;132;314;981;391;680;807;84;761;160;367;318;804;333;249;18;509;467;567;226;396;493;697;195;381;372;200;188;589;127;91;372;267;756;0;776;329;485;392;105;679;799;14;727;580;863;281;681;549;685;181;631;601;722;671;199;439;685;147;648;289;683;474;290;372;209;191
156;752;352;531;466;102;313;691;785;1014;248;683;321;310;517;769;800;737;234;485;644;360;136;264;704;222;654;228;545;956;957;400;926;573;431;880;796;537;210;587;640;236;779;627;854;606;782;191;1098;789;772;277;332;499;802;574;387;726;938;829;571;855;728;758;895;717;838;913;361;776;0;635;747;436;676;354;322;789;217;377;128;676;259;789;162;918;736;634;74;541;938;788;655;922;529;700;105;585;995;599;571;967
779;630;326;848;644;675;332;148;358;589;463;48;754;405;516;357;569;177;649;733;532;408;667;456;701;520;349;429;419;592;468;671;425;196;680;451;445;118;809;555;826;760;265;885;487;543;148;739;631;172;312;444;439;258;195;551;256;873;520;661;69;521;456;278;444;239;656;591;771;329;635;0;189;205;307;702;790;341;503;619;751;506;658;256;495;508;825;760;608;351;525;692;837;418;753;72;573;148;618;50;227;475
903;772;400;1026;826;765;476;57;516;721;618;169;915;466;703;519;746;318;804;913;719;444;805;521;890;674;247;570;607;742;586;847;543;384;858;595;611;297;892;743;1013;906;407;1069;645;732;183;879;743;254;467;603;609;270;283;739;364;1061;661;841;210;684;635;107;582;402;835;751;936;485;747;189;0;359;485;870;947;495;575;794;872;692;817;68;591;653;1014;947;736;310;667;877;1023;536;936;198;705;162;763;183;415;591
574;629;189;672;481;487;127;303;411;658;262;252;557;265;385;400;541;309;448;564;447;294;462;303;598;318;401;224;316;630;567;491;529;175;506;514;463;101;621;443;678;556;367;724;518;441;349;534;724;354;382;245;252;232;368;434;104;738;581;615;152;538;434;413;519;312;615;608;577;392;436;205;359;0;314;512;591;406;339;439;548;442;459;417;310;564;703;622;404;340;584;621;690;524;591;266;368;221;664;181;191;576
689;337;503;669;460;752;385;452;109;349;434;315;652;578;303;93;262;191;578;551;257;608;644;611;428;479;647;449;196;316;283;521;255;142;516;208;151;255;882;307;598;701;150;675;204;286;343;699;425;286;108;405;362;515;272;309;418;624;271;357;332;228;150;583;220;102;351;299;653;105;676;307;485;314;0;576;695;116;640;478;759;217;576;552;592;253;563;521;620;623;273;396;605;252;556;289;580;439;350;340;123;292
116;400;561;185;158;454;407;815;673;848;263;744;85;567;295;654;579;721;121;136;415;625;223;546;400;216;873;330;385;767;840;71;822;547;97;744;639;584;523;340;289;182;720;274;689;368;827;213;945;803;684;271;263;695;803;328;538;375;781;570;661;672;552;921;767;660;582;710;77;679;354;702;870;512;576;0;129;688;520;99;329;465;96;929;440;762;396;296;286;777;779;505;304;821;179;744;275;728;805;689;527;849
6;467;602;231;285;409;473;891;795;976;329;834;44;591;422;776;707;828;144;242;544;647;189;559;522;274;919;382;508;895;965;199;944;652;222;869;765;674;447;469;378;92;835;334;817;496;923;137;1072;905;803;347;357;745;908;457;596;463;908;697;742;800;679;987;891;774;709;839;66;799;322;790;947;591;695;129;0;809;522;225;252;593;132;1002;448;889;498;404;271;815;906;629;392;943;281;838;279;796;934;771;635;974
795;289;592;769;564;863;492;475;25;256;550;333;765;670;405;40;277;177;694;653;333;695;760;708;494;595;690;562;304;251;168;630;139;232;623;112;126;328;994;396;683;817;91;766;150;371;326;815;319;256;29;521;478;581;233;401;507;698;181;377;385;191;188;600;114;104;367;257;765;14;789;341;495;406;116;688;809;0;741;589;874;283;691;558;699;168;632;604;735;684;186;437;688;136;653;300;695;487;277;385;223;178
337;871;180;705;589;196;259;522;743;988;305;549;511;109;582;731;826;644;403;635;692;148;335;55;796;321;445;239;569;949;905;546;867;509;574;845;782;434;318;655;785;444;706;792;839;666;648;402;1060;673;718;323;380;309;692;642;250;866;911;879;435;852;733;566;853;650;884;918;548;727;217;503;575;339;640;520;522;741;0;507;340;709;428;606;81;893;859;760;252;331;913;857;800;862;676;575;248;416;986;459;519;914
213;379;516;233;89;479;348;740;574;751;215;659;181;535;198;555;487;627;158;133;322;593;264;524;333;186;818;288;285;672;741;52;723;455;70;645;540;502;568;249;278;260;622;296;592;275;739;279;847;711;585;213;187;639;710;236;480;359;683;487;584;576;454;852;668;563;498;617;176;580;377;619;794;439;478;99;225;589;507;0;384;370;139;855;427;664;360;258;304;730;681;429;293;721;170;656;281;659;711;611;434;750
33;718;479;481;470;174;422;815;867;1085;325;799;268;437;557;850;850;841;226;464;687;486;124;390;717;281;781;328;606;1019;1042;390;1013;670;421;958;866;648;196;622;615;161;874;583;923;644;897;119;1174;900;861;354;399;626;910;608;509;701;1010;864;690;918;791;885;975;812;875;971;308;863;128;751;872;548;759;329;252;874;340;384;0;726;246;915;289;991;725;624;145;668;1010;812;629;1010;508;814;183;710;1058;719;664;1051
530;189;617;504;316;769;456;654;261;385;432;524;549;677;173;243;124;409;511;396;54;721;603;696;213;455;825;478;140;302;399;397;392;314;381;297;189;425;885;129;402;626;355;488;230;101;560;638;483;503;295;405;346;671;487;139;539;415;322;174;515;208;100;784;324;318;176;248;538;281;676;506;692;442;217;465;593;283;709;370;726;0;499;760;643;303;350;322;607;780;318;186;407;393;386;501;571;621;341;530;284;407
135;494;483;278;224;359;343;760;679;875;199;703;98;481;326;661;620;700;25;227;455;539;131;456;471;144;798;255;396;800;851;146;829;523;177;759;659;542;435;385;382;129;711;370;713;410;792;141;968;775;683;215;227;622;779;371;469;468;804;625;611;701;576;859;780;649;636;747;127;681;259;658;817;459;576;96;132;691;428;139;246;499;0;872;348;784;483;381;190;698;802;568;397;826;271;707;181;667;839;640;508;861
941;828;438;1088;890;799;530;115;580;779;674;237;971;496;769;583;812;381;859;976;787;468;854;551;957;729;229;623;674;804;641;908;599;452;920;656;676;362;923;811;1078;957;469;1133;709;799;239;929;795;312;530;660;669;297;340;806;411;1128;721;908;273;748;702;64;642;467;902;815;993;549;789;256;68;417;552;929;1002;558;606;855;915;760;872;0;630;713;1081;1013;782;314;727;945;1089;592;1000;264;753;207;824;247;483;646
312;794;192;625;508;180;207;536;699;941;228;542;434;150;509;685;763;619;324;554;623;203;263;111;720;241;493;166;504;896;866;465;830;470;493;800;729;410;314;581;705;374;673;711;787;594;642;334;1016;659;678;248;306;338;675;569;239;785;863;811;428;796;675;597;810;615;816;861;471;685;162;495;591;310;592;440;448;699;81;427;289;643;348;630;0;844;780;680;180;382;864;785;719;825;595;564;170;430;933;455;476;875
826;124;753;806;618;1000;638;637;156;96;672;497;844;829;467;165;225;338;792;699;357;857;871;864;479;710;857;696;388;92;121;696;141;390;682;58;125;493;1127;432;691;912;247;781;73;404;476;918;184;403;196;643;592;748;375;441;667;685;20;310;553;104;210;759;74;272;295;128;836;181;918;508;653;564;253;762;889;168;893;664;991;303;784;713;844;0;611;611;858;852;20;390;693;146;688;462;819;655;111;552;375;125
224;19;834;293;273;838;657;969;608;666;555;851;466;871;319;592;386;754;507;261;306;925;614;868;138;540;1104;626;407;568;725;338;727;630;306;625;523;724;918;270;129;574;705;213;546;284;901;608;763;848;645;542;493;932;835;275;777;76;626;312;817;508;444;1096;653;666;328;505;432;631;736;825;1014;703;563;396;498;632;859;360;725;350;483;1081;780;611;0;102;663;1035;620;226;119;729;219;834;641;914;598;838;600;731
215;121;743;220;172;736;566;899;582;678;457;790;369;775;244;564;390;707;405;163;271;830;512;771;143;440;1021;529;344;583;717;236;713;568;204;615;509;653;816;214;81;476;669;171;541;235;848;509;777;800;613;446;399;846;790;214;689;116;628;338;744;508;422;1024;643;623;354;520;338;601;634;760;947;622;521;296;404;604;760;258;624;322;381;1013;680;611;102;0;561;947;623;255;84;714;124;776;539;838;617;767;538;725
173;680;354;466;392;176;277;679;729;953;186;656;262;328;445;712;731;696;164;414;574;382;83;291;630;152;667;183;479;892;903;328;873;526;359;822;734;503;278;515;569;194;731;560;792;535;753;155;1039;755;720;215;267;502;765;501;372;654;877;758;548;791;663;757;838;669;766;847;301;722;74;608;736;404;620;286;271;735;252;304;145;607;190;782;180;858;663;561;0;558;877;715;584;869;458;670;39;576;931;577;521;912
656;959;216;957;791;525;384;275;698;937;517;378;794;232;719;693;872;528;678;862;787;183;639;278;935;561;115;448;656;931;819;779;776;483;800;796;773;368;636;780;994;750;615;1026;821;780;454;713;982;509;656;517;552;110;536;771;258;1062;865;952;299;850;760;260;792;581;951;921;825;671;541;351;310;340;623;777;815;684;331;730;668;780;698;314;382;852;1035;947;558;0;870;960;1008;770;896;414;539;205;960;303;509;826
838;108;773;820;634;1020;658;653;175;76;691;513;862;849;484;184;235;354;810;714;372;876;890;884;489;729;874;716;407;84;121;713;146;410;698;75;144;512;1147;447;703;930;263;793;90;419;489;936;166;416;214;662;612;767;389;457;687;695;8;316;571;115;227;774;86;290;301;128;853;199;938;525;667;584;273;779;906;186;913;681;1010;318;802;727;864;20;620;623;877;870;0;398;704;152;702;478;838;672;96;570;395;124
450;21;786;474;348;887;616;840;412;440;560;708;589;840;277;399;168;585;587;394;174;888;690;852;114;568;1010;619;306;342;507;435;514;500;408;410;317;610;990;204;328;685;520;421;330;192;739;708;537;677;455;538;479;852;659;217;713;302;404;86;701;288;253;970;439;493;102;280;565;439;788;692;877;621;396;505;629;437;857;429;812;186;568;945;785;390;226;255;715;960;398;0;325;517;366;684;684;806;372;716;470;513
134;97;799;176;218;756;624;974;666;756;505;868;364;825;321;649;470;789;422;170;355;882;526;816;217;479;1087;577;425;661;800;257;797;647;227;698;592;727;825;298;15;473;753;97;624;319;929;511;855;883;697;497;456;910;873;297;751;72;709;410;818;589;506;1097;726;706;426;598;327;685;655;837;1023;690;605;304;392;688;800;293;629;407;397;1089;719;693;119;84;584;1008;704;325;0;798;126;856;568;909;693;842;618;807
920;236;705;892;691;993;620;530;147;188;685;396;899;784;533;166;349;242;830;779;446;803;896;826;592;731;758;694;436;236;50;761;7;355;752;108;206;435;1125;515;795;953;160;881;188;489;354;951;213;282;149;656;614;673;253;522;620;800;144;443;475;233;292;643;79;212;430;273;897;147;922;418;536;524;252;821;943;136;862;721;1010;393;826;592;825;146;729;714;869;770;152;517;798;0;775;360;830;566;244;467;352;57
145;223;684;118;110;630;512;884;634;764;385;789;247;705;254;615;478;729;296;44;332;763;401;693;253;356;980;457;362;673;785;131;775;572;102;683;575;639;702;260;111;356;706;133;616;287;858;390;863;820;657;381;346;802;814;253;642;197;706;443;727;589;486;1002;710;653;458;612;214;648;529;753;936;591;556;179;281;653;676;170;508;386;271;1000;595;688;219;124;458;896;702;366;126;775;0;781;441;811;709;753;545;793
836;586;398;880;673;744;392;175;319;538;516;36;801;477;535;322;548;124;699;764;533;480;725;528;705;573;399;488;432;550;410;708;367;209;714;404;414;168;878;565;846;814;215;911;449;551;85;795;572;100;271;494;483;326;124;563;326;887;472;645;141;487;438;301;394;204;639;555;815;289;700;72;198;266;289;744;838;300;575;656;814;501;707;264;564;462;834;776;670;414;478;684;856;360;781;0;633;210;573;121;238;416
207;660;331;459;369;204;241;648;690;914;147;620;264;312;412;673;695;658;156;398;539;369;102;281;602;117;646;146;441;854;863;310;833;487;341;783;696;466;314;482;553;211;691;549;753;501;717;177;1000;717;680;176;229;477;727;469;342;637;838;724;514;753;626;730;799;629;732;810;301;683;105;573;705;368;580;275;279;695;248;281;183;571;181;753;170;819;641;539;39;539;838;684;568;830;441;633;0;546;893;543;482;873
741;773;239;892;701;604;324;107;502;737;469;174;765;308;596;499;698;325;652;784;638;294;647;362;800;523;208;416;513;737;615;711;573;308;726;597;584;196;733;647;897;750;413;944;629;640;257;721;779;306;458;457;472;123;333;641;204;954;667;785;108;661;585;194;592;384;782;732;789;474;585;148;162;221;439;728;796;487;416;659;710;621;667;207;430;655;914;838;576;205;672;806;909;566;811;210;546;0;764;102;338;623
822;13;853;825;654;1081;728;748;263;77;747;608;890;928;514;269;231;449;849;726;390;958;936;960;476;780;967;778;453;39;204;737;237;491;718;169;204;598;1205;466;694;967;358;787;147;438;585;976;166;513;306;718;664;856;485;477;768;674;103;286;662;140;267;870;182;381;270;97;877;290;995;618;763;664;350;805;934;277;986;711;1058;341;839;824;933;111;598;617;931;960;96;372;693;244;709;573;893;764;0;662;473;204
750;671;280;842;643;635;305;132;400;635;443;91;737;358;523;397;600;225;629;730;551;359;640;410;718;499;309;402;432;634;516;664;474;216;675;495;483;115;767;568;831;736;312;886;527;558;189;713;680;221;356;425;427;208;245;563;216;882;565;690;29;560;487;258;490;281;686;630;756;372;599;50;183;181;340;689;771;385;459;611;719;530;640;247;455;552;838;767;577;303;570;716;842;467;753;121;543;102;662;0;246;524
